8 12044 11.563 3.48456 0.390609 1.6004 0.727091 0.420668 ATF3
77 12044 57.073 7.17866 0.004995 1.75483 1.35313 1.06989 Ap2alpha
129 12044 104.727 9.78203 0.016983 1.50541 1.24299 1.04076 Ap2gamma
0 12044 4.328 2.14966 0.034965 0 0 0 BAF155
16 12044 21.492 4.67095 0.272727 1.23108 0.761588 0.515485 BATF
3 12044 9.435 3.09732 0.032967 0.749938 0.333167 0.187298 BCL11A
10 12044 7.029 2.5516 0.328671 5.00332 1.42893 0.833195 BCL3
4 12044 14.483 3.74082 0.000999001 0.499834 0.285477 0.181546 BCLAF1
4 12044 3.865 1.96485 1 4.001 1 0.499834 Brg1
638 12044 445.522 21.0138 0.000999001 1.60749 1.45797 1.32175 CTCF
15 12044 5.892 2.35114 0.002997 7.50811 2.50187 1.36409 CTCFL
18 12044 19.781 4.40959 0.792208 1.50075 0.89985 0.620122 Cfos
73 12044 73.276 8.57072 1 1.28241 1 0.800992 Cjun
201 12044 146.408 11.4738 0.000999001 1.63151 1.38311 1.18545 Cmyc
2150 12044 1627.05 37.0299 0.000999001 1.46578 1.3913 1.31861 DNase1
80 12044 60.24 7.53373 0.016983 1.78298 1.33556 1.06711 E2F1
12 12044 25.152 4.89682 0.00699301 0.749751 0.479481 0.342202 E2F4
67 12044 41.642 6.34082 0.000999001 2.24023 1.63769 1.2194 E2F6
54 12044 25.504 4.97561 0.000999001 3.18627 2.16522 1.50225 EBF1
86 12044 59.028 7.51516 0.000999001 1.91766 1.46092 1.16333 ELF1
8 12044 6.345 2.45194 0.594406 4.00199 1.33355 0.666445 ETS1
143 12044 91.102 9.74949 0.000999001 1.97043 1.57829 1.3036 Egr1
2 12044 6.505 2.59706 0.0889111 1 0.333223 0.166528 FOSL1
25 12044 12.128 3.60036 0.000999001 4.17325 2.08559 1.25052 FOSL2
45 12044 40.406 6.55027 0.518482 1.60942 1.12547 0.832708 FOXA1
2 12044 6.715 2.54367 0.0649351 1 0.285596 0.166528 FOXA2
115 12044 78.502 8.43891 0.000999001 1.80456 1.47893 1.19982 Gabp
3 12044 7.142 2.70909 0.164835 1 0.428429 0.230578 Gata2
633 12044 484.669 21.1918 0.000999001 1.44591 1.32493 1.2123 H2AZ
1708 12044 1417.92 35.5876 0.000999001 1.31449 1.23732 1.1687 H3K27ac
3681 12044 4833.72 51.0755 0.000999001 0.679189 0.65695 0.633617 H3K27me3
5957 12044 3842.31 50.0779 0.000999001 2.16785 2.09003 2.01065 H3K36me3
2146 12044 1554.74 36.6462 0.000999001 1.54637 1.46355 1.39013 H3K4me1
1704 12044 1344.16 31.7293 0.000999001 1.38221 1.312 1.24587 H3K4me2
1301 12044 1032.89 28.3521 0.000999001 1.37179 1.29223 1.22071 H3K4me3
1298 12044 913.629 28.2217 0.000999001 1.56494 1.47088 1.37899 H3K79me2
1099 12044 840.693 26.4411 0.000999001 1.43041 1.33929 1.24781 H3K9ac
57 12044 45.163 6.44795 0.0869131 1.73073 1.26793 0.982677 H3K9me3
506 12044 374.523 18.4714 0.000999001 1.50509 1.36842 1.23816 H4K20me1
13 12044 23.725 4.83619 0.024975 0.866523 0.541171 0.381686 H4K5ac
17 12044 18.445 4.44756 0.86014 1.70099 0.944366 0.606588 HDAC2
87 12044 78.657 8.83977 0.368631 1.40616 1.102 0.886938 HEY1
34 12044 26.97 5.05912 0.202797 1.89141 1.25999 0.918689 HNF4A
4 12044 7.175 2.72907 0.350649 2.00033 0.571286 0.307462 IRF4
25 12044 56.297 7.35193 0.000999001 0.580525 0.445277 0.350765 Ini1
0 12044 4.099 1.94138 0.028971 0 0 0 Junb
79 12044 69.005 8.15227 0.242757 1.46602 1.14588 0.928946 Jund
13 12044 12.55 3.62831 0.958042 2.16793 1.08342 0.649622 MEF2A
406 12044 241.115 14.8515 0.000999001 1.93771 1.70853 1.52706 Max
7 12044 6.319 2.46968 0.888112 3.50145 1.16676 0.583091 NFKB
10 12044 4.423 2.10583 0.028971 10.0075 2.50125 1.1112 Nrf1
39 12044 48.216 6.9544 0.194805 1.11466 0.811891 0.627827 Nrsf
8 12044 9.997 3.14625 0.674326 2.00066 0.799867 0.470236 POU2F2
23 12044 29.482 5.5265 0.278721 1.21093 0.792708 0.560136 PU1
6 12044 9.1 3.00217 0.380619 1.50025 0.666501 0.399701 Pax5
7 12044 5.891 2.35684 0.742258 3.50145 1.16676 0.636152 Pbx3
1316 12044 856.182 26.0737 0.000999001 1.7081 1.60129 1.50446 PolII
2 12044 4.72 2.22948 0.312687 2.00017 0.3999 0.222093 RXRA
325 12044 237.684 15.0421 0.000999001 1.56281 1.38161 1.21395 Rad21
12 12044 12.446 3.5603 1 2.001 1 0.599601 SIX5
86 12044 65.42 8.11316 0.012987 1.72518 1.3254 1.04913 SP1
5 12044 4.673 2.16258 1 5.00166 1 0.555371 SP2
48 12044 56.244 7.21835 0.288711 1.14343 0.856571 0.67476 Sin3Ak20
12 12044 13.999 3.70685 0.714286 1.715 0.857 0.545001 Srf
290 12044 208.23 13.9243 0.000999001 1.60805 1.40396 1.22915 TAF1
95 12044 67.147 8.01734 0.004995 1.8335 1.42123 1.13199 TAF7
7 12044 4.959 2.16472 0.440559 7.00349 1.40023 0.699826 THAP1
22 12044 21.639 4.43783 0.992008 1.57247 1.04771 0.709146 Tcf12
33 12044 22.161 4.74464 0.028971 2.54269 1.50137 1.03134 Tr4
105 12044 66.701 7.90114 0.000999001 2.06814 1.57215 1.26739 USF1
210 12044 136.088 11.8994 0.000999001 1.85705 1.55377 1.30975 Yy1
9 12044 5.235 2.29107 0.166833 9.00598 1.8006 0.899925 ZBTB33
4 12044 19.998 4.4998 0.000999001 0.333112 0.199734 0.133045 ZBTB7A
7 12044 4.065 2.08305 0.232767 7.00349 1.75044 0.777649 ZEB1
16 12044 21.224 4.58463 0.312687 1.23108 0.761588 0.515485 p300
