ENSG00000237438.1 22 17517460 17517460 + 4505 -72 rs3016112 22 17517388 17517388 443 387.712 1.01169 512.734 4.41278e-09 -0.41131 0.000999001 1.81676e-05
ENSG00000177663.8 22 17565844 17565844 + 4575 362 rs2270241 22 17566206 17566206 443 371.099 1.03482 453.514 5.07088e-05 -0.279877 0.0789211 0.0817984
ENSG00000069998.8 22 17646177 17646177 - 4675 4345 rs34347930 22 17641831 17641832 443 373.987 1.07246 465.982 7.7297e-06 -0.164908 0.00999001 0.013302
ENSG00000093072.10 22 17739125 17739125 - 4732 39495 rs5747027 22 17699630 17699630 443 374.095 1.01693 465.061 0.000889696 0.14099 0.652348 0.643942
ENSG00000131100.8 22 18111584 18111584 - 4755 36321 rs3532 22 18075263 18075263 443 373.587 1.06511 523.643 7.03579e-05 -0.242758 0.103896 0.10932
ENSG00000099968.13 22 18111621 18111621 + 4755 46220 rs10537282 22 18157841 18157843 443 390.437 1.0206 619.51 5.26281e-06 0.209213 0.014985 0.0106481
ENSG00000015475.14 22 18257536 18257536 - 4835 -26380 rs5992106 22 18283916 18283916 443 386.035 1.03501 605.092 0.000145784 -0.161018 0.206793 0.197507
ENSG00000093100.12 22 18507325 18507325 - 4648 47023 rs34483330 22 18460302 18460302 443 376.139 1.02288 466.539 6.30596e-07 -0.263687 0.002997 0.00177718
ENSG00000243156.2 22 18507325 18507325 - 4648 23937 rs4819654 22 18483388 18483388 443 373.338 1.03212 450.021 1.47007e-10 0.320787 0.000999001 1.17364e-06
ENSG00000215193.5 22 18560689 18560689 + 4605 13672 rs362226 22 18574361 18574361 443 380.022 1.04971 526.656 0.000456794 0.266142 0.455544 0.436435
ENSG00000183785.9 22 18593097 18593097 + 4663 -685359 rs61298845 22 17907738 17907738 443 369.044 1.07166 431.443 0.0021272 -0.204384 0.878122 0.873738
ENSG00000184979.8 22 18632666 18632666 + 4629 943770 rs112944827 22 19576436 19576436 443 383.688 0.993369 534.653 0.00255499 0.268083 0.932068 0.93212
ENSG00000183628.7 22 18893541 18893541 + 4430 190011 rs2854659 22 19083552 19083552 443 382.964 1.01076 465.005 0.0024637 -0.176395 0.896104 0.89524
ENSG00000100033.11 22 18924066 18924066 - 4416 2044 rs3788288 22 18922022 18922022 443 374.008 1.04036 426.211 9.54736e-07 0.257969 0.002997 0.00221712
ENSG00000070413.12 22 19109967 19109967 - 4178 -7300 rs8139221 22 19117267 19117267 443 371.272 1.0553 394.116 1.42641e-05 0.212635 0.014985 0.0221333
ENSG00000206203.3 22 19118321 19118321 + 4169 568473 rs71312711 22 19686794 19686794 443 383.753 1.07362 483.78 7.18815e-05 0.230514 0.0829171 0.0827772
ENSG00000100056.7 22 19132197 19132197 - 4140 -128 rs737923 22 19132325 19132325 443 373.641 1.02434 403.349 5.49874e-07 0.223201 0.002997 0.00145104
ENSG00000100075.5 22 19166343 19166343 - 4170 5444 rs5746671 22 19160899 19160899 443 391.075 1.02862 508.84 1.77352e-14 -0.227179 0.000999001 1.58934e-10
ENSG00000185608.4 22 19419425 19419425 + 3957 -115391 rs5746718 22 19304034 19304034 443 370.569 1.01993 388.448 9.23925e-05 0.116419 0.11988 0.12093
ENSG00000100084.9 22 19435224 19435224 - 3929 -437711 rs73148965 22 19872935 19872935 443 371.056 1.091 404.055 0.00227273 0.208201 0.866134 0.860556
ENSG00000185065.6 22 19435416 19435416 + 3929 5181 rs75637138 22 19440597 19440597 443 368.049 1.08214 384.956 1.63646e-31 -0.795401 0.000999001 8.67965e-26
ENSG00000242259.3 22 19435755 19435755 - 3929 418709 rs4078544 22 19017046 19017046 443 393.617 1.00255 520.564 6.51291e-05 0.263928 0.0909091 0.0827647
ENSG00000070010.12 22 19466738 19466738 - 3759 596582 rs2870968 22 18870156 18870156 443 374.582 1.03669 395.309 2.02805e-06 0.195317 0.003996 0.00400667
ENSG00000100055.14 22 37678068 37678068 + 4331 2930 rs7288504 22 37680998 37680998 443 366.924 1.03429 348.948 0.000164568 -0.189434 0.178821 0.177837
ENSG00000100060.12 22 37882439 37882439 - 4229 -702697 rs151115090 22 38585136 38585136 443 371.51 1.05702 378.007 0.000603146 0.297344 0.45954 0.443832
ENSG00000100083.14 22 38004481 38004481 + 4021 -182080 rs133719 22 37822401 37822401 443 357.915 1.08657 316.439 0.000847823 0.202191 0.542458 0.537084
ENSG00000100092.14 22 38030661 38030661 + 3981 -284661 rs5756640 22 37746000 37746000 443 365.626 1.07231 331.233 0.00288464 -0.149229 0.891109 0.882116
ENSG00000241360.1 22 38054734 38054734 + 4009 -499688 rs5995389 22 37555046 37555046 443 349.641 1.03725 262.853 0.000431123 0.225307 0.334665 0.353896
ENSG00000100097.7 22 38071615 38071615 + 4006 18646 rs540516523 22 38090261 38090261 443 369.087 1.01615 347.489 0.000190794 -0.154418 0.202797 0.19902
ENSG00000256872.1 22 38077680 38077680 + 4027 -575779 rs932325 22 37501901 37501901 443 354.303 1.03974 287.941 0.00402792 -0.160969 0.94006 0.942421
ENSG00000100106.14 22 38093011 38093011 + 4014 -622407 rs2072860 22 37470604 37470604 443 355.352 1.06615 308.196 0.000947882 -0.199552 0.598402 0.583872
ENSG00000189060.3 22 38201114 38201114 + 3897 36450 rs2413487 22 38237564 38237564 443 393.162 0.958143 409.572 5.59417e-05 -0.219975 0.0699301 0.0670179
ENSG00000100116.11 22 38203912 38203912 + 3891 -116 rs6000899 22 38203796 38203796 443 393.595 0.965897 416.532 5.3516e-19 0.46807 0.000999001 5.87534e-14
ENSG00000100124.7 22 38240438 38240438 - 3896 -40595 rs35849614 22 38281033 38281033 443 377.696 1.03564 386.966 2.11272e-05 0.327846 0.027972 0.0286288
ENSG00000100129.11 22 38244875 38244875 + 3887 347940 rs71324895 22 38592815 38592815 443 374.257 1.07132 352.637 0.00102361 0.168354 0.568432 0.560672
ENSG00000100139.9 22 38301664 38301664 + 3984 -573410 rs739187 22 37728254 37728254 443 365.918 1.08387 328.307 0.00524729 -0.139838 0.971029 0.970519
ENSG00000100142.8 22 38348614 38348614 + 3908 -999687 rs8139712 22 37348927 37348927 443 372.483 1.03137 326.147 0.0002328 -0.18622 0.194805 0.201888
ENSG00000128346.6 22 38349676 38349676 - 3905 729926 rs2899284 22 37619750 37619750 443 371.445 1.07869 340.498 0.000773904 0.218113 0.481518 0.471117
ENSG00000100151.11 22 38452318 38452318 + 3889 -679449 rs4821654 22 37772869 37772869 443 377.664 0.996198 344.645 7.22579e-05 -0.251047 0.0849151 0.0829263
ENSG00000184381.11 22 38588107 38588107 - 3914 70024 rs2235344 22 38518083 38518083 443 365.464 1.0207 307.997 0.000625769 0.181996 0.455544 0.432459
ENSG00000185022.7 22 38597889 38597889 + 3940 -577 rs3041785 22 38597312 38597312 443 360.381 1.05299 293.131 1.43882e-06 -0.154872 0.003996 0.00295425
ENSG00000198792.7 22 38669040 38669040 - 3922 46442 rs2235187 22 38622598 38622598 443 403.048 0.957104 426.734 6.80959e-05 -0.178054 0.0749251 0.0690302
ENSG00000213923.5 22 38794527 38794527 - 3870 137842 rs135710 22 38656685 38656685 443 369.141 1.09066 299.913 0.000150635 -0.213463 0.114885 0.12167
ENSG00000100196.6 22 38864067 38864067 + 3809 27368 rs11705586 22 38891435 38891435 443 345.315 1.13592 230.369 0.000139951 -0.245751 0.110889 0.120757
ENSG00000100201.13 22 38903665 38903665 - 3836 275521 rs77718756 22 38628144 38628144 443 350.355 1.07835 221.82 0.000109697 -0.157772 0.104895 0.0995867
ENSG00000100206.4 22 38966291 38966291 - 3771 878787 rs61373467 22 38087484 38087504 443 363.799 1.01895 254.517 0.00463879 0.130401 0.921079 0.925965
ENSG00000225783.2 22 27042392 27042392 + 4632 178973 rs34708413 22 27221365 27221365 443 354.465 1.10217 454.491 0.000909132 -0.165282 0.715285 0.709746
ENSG00000206028.1 22 27068617 27068617 - 4708 -75757 rs5761724 22 27144374 27144374 443 382.758 1.04821 620.663 0.0006043 -0.167586 0.573427 0.567919
ENSG00000244625.1 22 27068730 27068730 + 4709 -493766 rs62224242 22 26574964 26574964 443 398.57 0.980697 708.884 0.000117065 -0.264656 0.176823 0.174585
ENSG00000235954.2 22 28315364 28315364 + 3108 809 rs2267128 22 28316173 28316173 443 370.115 1.00468 350.468 0.000126334 0.382284 0.138861 0.147048
ENSG00000180957.12 22 28316122 28316122 - 3108 682827 rs61165588 22 27633294 27633295 443 398.581 0.96942 469.198 0.00116223 -0.17675 0.636364 0.634353
ENSG00000100154.10 22 29075853 29075853 - 2348 61250 rs8142681 22 29014603 29014603 443 374.765 0.950405 177.256 1.44812e-17 0.567065 0.000999001 3.10088e-12
ENSG00000100209.5 22 29138019 29138019 + 2300 -967296 rs384770 22 28170723 28170723 443 389.799 1.01495 215.991 0.00392239 -0.0990175 0.773227 0.767201
ENSG00000183765.14 22 29138410 29138410 - 2301 44058 rs12170705 22 29094352 29094352 443 356.347 1.05148 156.358 0.00081693 0.160446 0.328671 0.319421
ENSG00000159873.5 22 29168662 29168662 + 2300 523826 rs140065 22 29692488 29692488 443 352.496 1.03811 144.606 0.000605332 0.142669 0.268731 0.258599
ENSG00000100219.10 22 29196585 29196585 - 2306 -108476 rs7364229 22 29305061 29305061 443 350.452 0.993403 125.232 0.00041249 0.147597 0.198801 0.19283
ENSG00000183579.10 22 29279580 29279580 + 2388 -874415 rs16985863 22 28405165 28405165 443 337.593 1.10616 118.79 0.00251272 -0.401643 0.605395 0.585343
ENSG00000183762.8 22 29469066 29469066 + 2457 87673 rs132304 22 29556739 29556739 443 339.55 1.06347 124.705 0.000635321 0.24371 0.25974 0.265939
ENSG00000186998.11 22 29601840 29601840 + 2559 -160489 rs59285656 22 29441350 29441351 443 339.821 1.05882 121.421 0.000797428 -0.13518 0.317682 0.304858
ENSG00000182944.13 22 29663998 29663998 + 2599 385434 rs57099430 22 30049432 30049433 443 361.971 1.01082 157.538 2.9339e-05 0.219315 0.017982 0.023656
ENSG00000100263.9 22 29664198 29664198 - 2599 -5450 rs4820803 22 29669648 29669648 443 382.942 0.929163 163.451 0.00035424 0.121578 0.15984 0.161299
ENSG00000100280.12 22 29819168 29819168 - 2770 787053 rs71316851 22 29032115 29032115 443 365.507 1.00692 170.87 0.00673746 -0.0912117 0.901099 0.906764
ENSG00000100285.8 22 29876181 29876181 + 2896 85949 rs11369607 22 29962130 29962130 443 355.665 1.03109 170.582 0.00212484 0.209512 0.641359 0.623292
ENSG00000100296.9 22 29951205 29951205 - 3010 38320 rs12161054 22 29912885 29912885 443 370.602 1.04665 204.519 0.00798405 0.172909 0.949051 0.952916
ENSG00000184117.7 22 29977326 29977326 - 3029 -96633 rs3842713 22 30073959 30073959 443 345.921 1.09242 170.231 1.65691e-10 0.301233 0.000999001 8.23309e-07
ENSG00000186575.12 22 29999545 29999545 + 3040 -180539 rs3044108 22 29819004 29819006 443 359.862 1.06796 195.765 0.000500283 -0.178801 0.268731 0.254911
ENSG00000100314.3 22 30116073 30116073 + 3178 -49729 rs2857647 22 30066344 30066344 443 349.436 1.03714 174.436 0.00248611 -0.110704 0.714286 0.703946
ENSG00000100319.11 22 30163000 30163000 - 3169 96656 rs2857647 22 30066344 30066344 443 340.881 1.04585 161.564 0.000550744 -0.179138 0.318681 0.305534
ENSG00000184076.9 22 30163352 30163352 + 3170 -33039 rs140106 22 30130313 30130313 443 360.197 1.04457 191.649 1.98631e-05 -0.194862 0.011988 0.0188079
ENSG00000235568.2 22 42828401 42828401 - 4263 -115080 rs136980 22 42943481 42943481 443 347.922 1.0281 220.481 0.000126263 -0.175258 0.128871 0.130604
ENSG00000230107.1 22 42834029 42834029 + 4270 2308 rs1016110 22 42836337 42836337 443 343.357 1.08513 209.544 6.87826e-07 0.300938 0.000999001 0.00150674
ENSG00000189306.6 22 42915808 42915808 - 4369 -2005 rs6002781 22 42917813 42917813 443 372.548 0.980174 283 1.1402e-09 -0.487267 0.000999001 8.55434e-06
ENSG00000183569.12 22 42949623 42949623 + 4377 -47835 rs137014 22 42901788 42901788 443 371.099 0.977483 285.352 1.02538e-14 0.339706 0.000999001 6.76759e-10
ENSG00000100227.12 22 43010968 43010968 - 4424 -809318 rs135085 22 43820286 43820286 443 361.646 1.00886 278.322 0.00233904 -0.222912 0.795205 0.808555
ENSG00000249222.1 22 43036607 43036607 - 4453 -598600 rs762957 22 43635207 43635207 443 362.317 1.06085 289.69 0.00805695 0.0946597 0.989011 0.990941
ENSG00000100243.15 22 43045574 43045574 - 4456 3737 rs6002851 22 43041837 43041837 443 364.404 1.09108 317.474 8.83965e-12 0.398292 0.000999001 4.52408e-08
ENSG00000128274.10 22 43117304 43117304 - 4475 -10127 rs738528 22 43127431 43127431 443 365.14 1.00077 261.627 1.49686e-13 -0.32193 0.000999001 5.15241e-09
ENSG00000242247.5 22 43267429 43267429 - 4486 329272 rs11090109 22 42938157 42938157 443 360.619 1.04734 275.391 0.00106598 0.270559 0.566434 0.55965
ENSG00000100266.11 22 43411151 43411151 - 4651 80245 rs547672468 22 43330905 43330906 443 361.376 1.01285 299.29 6.35171e-17 0.458145 0.000999001 9.50954e-12
ENSG00000100271.11 22 43485434 43485434 - 4695 -412881 rs28485670 22 43898315 43898315 443 366.373 0.992397 343.167 0.00107532 -0.148094 0.638362 0.639768
ENSG00000100290.2 22 43506754 43506754 + 4697 5835 rs12019221 22 43512589 43512589 443 379.546 1.01974 411.415 6.36311e-20 -0.506943 0.000999001 5.91344e-15
ENSG00000100294.7 22 43539400 43539400 - 4681 7884 rs377331273 22 43531515 43531516 443 364.361 1.04711 341.267 4.59983e-06 0.160502 0.010989 0.00874023
ENSG00000100300.12 22 43547520 43547520 + 4679 13243 rs47341 22 43560763 43560763 443 401.631 1.05505 583.002 1.54919e-16 -0.270795 0.000999001 5.10209e-13
ENSG00000100304.10 22 43583139 43583139 - 4746 -459 rs9612021 22 43583598 43583598 443 369.736 1.09684 422.556 2.46242e-19 -0.255811 0.000999001 4.78374e-15
ENSG00000100344.6 22 44319619 44319619 + 5407 897459 rs79303608 22 45217078 45217078 443 372.743 1.02043 558.6 0.00101514 0.288065 0.755245 0.756605
ENSG00000100347.10 22 44351301 44351301 + 5415 350913 rs12162866 22 44702214 44702214 443 356.087 1.04308 432.862 0.00011666 0.233117 0.1998 0.195783
ENSG00000188677.9 22 44395091 44395091 + 5366 174112 rs8137383 22 44569203 44569203 443 375.198 1.06096 645.673 6.66088e-06 -0.195724 0.018981 0.0167456
ENSG00000138964.10 22 44568836 44568836 + 5509 578 rs7292425 22 44569414 44569414 443 389.355 1.0235 749.041 0.000106073 -0.25225 0.177822 0.179975
ENSG00000188636.3 22 44894178 44894178 - 5715 -134 rs376451273 22 44894312 44894313 443 373.381 1.02569 527.987 1.25358e-06 0.266086 0.002997 0.00390609
ENSG00000186654.15 22 45064593 45064593 + 5797 378777 rs6007428 22 45443370 45443370 443 386.933 1.01502 668.379 5.06523e-05 0.426544 0.0929071 0.0929377
ENSG00000226328.1 22 45559662 45559662 - 5441 6203 rs13054435 22 45553459 45553459 443 347.283 1.08739 441.015 1.72277e-08 -0.30051 0.000999001 0.000124053
ENSG00000093000.13 22 45559722 45559722 + 5440 -861980 rs6519834 22 44697742 44697742 443 370.645 1.03713 536.321 0.000982654 0.15285 0.732268 0.736705
ENSG00000234630.1 22 22648098 22648098 + 5144 -916185 rs5753240 22 21731913 21731913 443 380.335 1.04441 451.174 0.0013172 -0.195213 0.721279 0.716606
ENSG00000198477.3 22 22863505 22863505 - 5925 -881372 rs531096284 22 23744877 23744877 443 357.71 1.05832 382.042 0.000351673 -0.205236 0.387612 0.368962
ENSG00000185686.13 22 22901768 22901768 - 6078 4653 rs2266983 22 22897115 22897115 443 382.985 0.982754 495.906 1.06569e-07 -0.260021 0.001998 0.000443174
ENSG00000100121.8 22 22988780 22988780 + 6183 -702793 rs5995257 22 22285987 22285987 443 393.606 0.998735 608.804 0.00058767 -0.162387 0.522478 0.518136
ENSG00000254709.1 22 23229960 23229960 + 6411 15213 rs457529 22 23245173 23245173 443 361.462 1.0439 427.78 0.00189479 0.17511 0.873127 0.875331
ENSG00000100218.7 22 23487208 23487208 - 6462 29788 rs2157709 22 23457420 23457420 443 383.45 1.04079 566.019 4.87766e-06 -0.251494 0.00799201 0.0098051
ENSG00000100228.7 22 23487513 23487513 + 6458 -611083 rs9620107 22 22876430 22876430 443 373.879 1.03396 473.714 0.000156796 0.319277 0.205794 0.203349
ENSG00000186716.14 22 23521891 23521891 + 6258 -2707 rs7289172 22 23519184 23519184 443 358.813 1.0361 389.492 1.02967e-06 -0.285147 0.004995 0.00345541
ENSG00000128322.6 22 23922495 23922495 - 5070 -248501 rs2186369 22 24170996 24170996 443 355.006 1.06948 327.197 0.000313619 -0.253749 0.305694 0.305399
ENSG00000159496.9 22 24030323 24030323 + 4869 -26731 rs35124910 22 24003591 24003592 443 364.123 1.07917 345.227 0.000182628 0.203365 0.187812 0.182793
ENSG00000187792.3 22 24093279 24093279 - 4789 460358 rs7364231 22 23632921 23632921 443 389.161 1.03857 433.871 0.000911112 0.169783 0.55045 0.540411
ENSG00000128218.7 22 24096655 24096655 - 4793 2440 rs5759991 22 24094215 24094215 443 362.89 1.05843 336.911 2.65393e-08 0.255292 0.000999001 9.46011e-05
ENSG00000169314.9 22 24105208 24105208 + 4741 -697090 rs9608071 22 23408118 23408118 443 370.039 1.04678 350.845 0.00951458 -0.171075 0.997003 0.997943
ENSG00000099953.5 22 24110413 24110413 + 4681 49911 rs375307388 22 24160324 24160336 443 389.983 0.987325 416.393 0.000102029 -0.292507 0.110889 0.108764
ENSG00000250479.3 22 24110630 24110630 - 4679 13847 rs1076123 22 24096783 24096783 443 407.763 0.9827 547.159 6.3701e-05 -0.156979 0.0699301 0.0697615
ENSG00000099956.12 22 24129150 24129150 + 4662 28387 rs35370296 22 24157537 24157537 443 348.181 1.12805 293.516 1.45042e-06 -0.328871 0.002997 0.00277519
ENSG00000099958.10 22 24181315 24181315 - 4734 67771 rs131451 22 24113544 24113544 443 384.726 0.954655 378.871 0.000259825 -0.209684 0.240759 0.242443
ENSG00000133460.13 22 24198890 24198890 + 4764 -7876 rs6003922 22 24191014 24191014 443 376.799 0.986879 344.473 0.000260694 0.242774 0.228771 0.235736
ENSG00000240972.1 22 24236191 24236191 + 4829 -940866 rs414392 22 23295325 23295325 443 379.719 0.967338 348.242 0.00142766 -0.108902 0.67033 0.680678
ENSG00000218537.1 22 24241117 24241117 - 4821 979565 rs738893 22 23261552 23261552 443 348.246 1.1044 280.563 0.000268102 -0.0874831 0.242757 0.247996
ENSG00000133433.6 22 24303373 24303373 - 4769 36419 rs5751776 22 24266954 24266954 443 353.967 1.08179 283.186 3.06663e-22 -0.5491 0.000999001 7.25862e-17
ENSG00000099974.7 22 24309089 24309089 + 4777 4917 rs1006771 22 24314006 24314006 443 372.462 1.00507 335.524 5.10627e-08 -0.148506 0.000999001 0.000189087
ENSG00000099984.6 22 24322339 24322339 + 4804 -55385 rs5751776 22 24266954 24266954 443 394.147 1.02841 459.652 8.55848e-22 -0.543464 0.000999001 2.29599e-17
ENSG00000187051.4 22 39928860 39928860 - 3204 368194 rs139426 22 39560666 39560666 443 375.598 1.02781 250.482 0.00100268 0.124011 0.452547 0.446182
ENSG00000100351.11 22 40297086 40297086 + 2917 -413742 rs4821902 22 39883344 39883344 443 379.643 0.975768 235.079 0.000822016 0.238752 0.380619 0.381054
ENSG00000100354.14 22 40440821 40440821 + 2745 -918156 rs139375 22 39522665 39522665 443 370.147 0.995178 184.523 0.000386282 0.148364 0.215784 0.197472
ENSG00000239900.4 22 40742507 40742507 + 2375 -655118 rs5757773 22 40087389 40087389 443 358.64 1.06095 145.477 0.00174828 0.11948 0.488511 0.479184
ENSG00000100359.14 22 40766595 40766595 + 2339 -884445 rs34708754 22 39882149 39882150 443 363.453 1.07574 158.879 0.00119702 0.219089 0.385614 0.376853
ENSG00000196588.8 22 41032706 41032706 - 2286 672829 rs141791242 22 40359877 40359877 443 363.55 0.967004 114.805 0.00990194 -0.126759 0.9001 0.901297
ENSG00000100372.10 22 41215403 41215403 - 2458 74770 rs565224784 22 41140633 41140633 443 347.002 1.00025 96.5925 0.000316697 -0.462836 0.140859 0.129759
ENSG00000100380.7 22 41253026 41253026 - 2501 -318250 rs35497681 22 41571276 41571276 443 364.642 0.99218 117.699 0.0020666 -0.101264 0.465534 0.462357
ENSG00000196236.6 22 41253081 41253081 + 2502 -35005 rs373556047 22 41218075 41218076 443 348.657 1.00665 99.7519 0.00661261 -0.129748 0.791209 0.797944
ENSG00000172404.4 22 41258130 41258130 - 2506 1328 rs103197 22 41256802 41256802 443 385.754 0.979988 139.672 7.38126e-59 0.778602 0.000999001 2.34507e-48
ENSG00000100387.8 22 41347351 41347351 + 2561 832311 rs11090059 22 42179662 42179662 443 344.655 1.05561 105.532 0.00495418 -0.150588 0.744256 0.735141
ENSG00000100393.9 22 41487790 41487790 + 2669 168226 rs546714507 22 41656016 41656016 443 367.703 1.00089 116.125 0.00466371 0.0584341 0.683317 0.686674
ENSG00000231993.1 22 41593460 41593460 - 2774 625524 rs557782525 22 40967925 40967936 443 345.38 0.974213 89.6029 0.00104744 0.19683 0.310689 0.30168
ENSG00000100395.10 22 41601209 41601209 + 2775 149413 rs9611560 22 41750622 41750622 443 358.153 1.00628 107.335 0.00355356 -0.184174 0.604396 0.608689
ENSG00000100403.10 22 41697526 41697526 + 2765 -72765 rs139478 22 41624761 41624761 443 366.027 0.998631 114.144 0.000149286 -0.124649 0.0589411 0.0630166
ENSG00000100401.14 22 41698963 41698963 - 2768 21749 rs139533 22 41677214 41677214 443 361.225 1.06813 117.299 0.000534565 -0.15145 0.154845 0.162942
ENSG00000167074.9 22 41763337 41763337 + 2837 14221 rs9607799 22 41777558 41777558 443 348.668 1.07189 110.385 3.25608e-23 0.552529 0.000999001 1.03244e-17
ENSG00000183864.4 22 41843027 41843027 - 2989 -703825 rs59390354 22 42546852 42546852 443 352.637 1.00686 111.479 0.00201259 0.184484 0.487512 0.477823
ENSG00000100410.3 22 41864729 41864729 - 3012 -908747 rs368539495 22 42773476 42773482 443 363.398 0.990075 124.58 0.00410562 -0.116017 0.695305 0.693598
ENSG00000100412.10 22 41865117 41865117 + 3014 625764 rs533212165 22 42490881 42490881 443 353.005 1.05384 122.993 0.00392373 0.195396 0.699301 0.690782
ENSG00000100413.12 22 41940610 41940610 - 3147 173475 rs4820438 22 41767135 41767135 443 338.09 1.06282 118.458 5.25545e-13 -0.356997 0.000999001 1.12746e-08
ENSG00000172346.9 22 41956767 41956767 + 3163 95452 rs369518390 22 42052219 42052219 443 329.168 1.11394 116.465 0.000232928 0.140123 0.117882 0.125528
ENSG00000100417.7 22 41985894 41985894 - 3227 -90747 rs5758406 22 42076641 42076641 443 363.323 0.978356 152.439 1.79932e-22 0.450127 0.000999001 3.50765e-16
ENSG00000185133.9 22 31518717 31518717 + 2622 -609820 rs10775713 22 30908897 30908897 443 356.26 1.07114 170.695 8.80677e-05 -0.264997 0.047952 0.0579879
ENSG00000138942.9 22 31556168 31556168 + 2634 78607 rs59473370 22 31634775 31634775 443 344.926 1.00835 144.583 0.00240512 -0.20885 0.651349 0.655563
ENSG00000182541.12 22 31608225 31608225 + 2762 -495148 rs71328866 22 31113077 31113077 443 362.403 0.951302 166.294 0.00481437 0.181833 0.847153 0.847539
ENSG00000100100.7 22 31688520 31688520 - 2841 244722 rs12484314 22 31443798 31443798 443 358.942 1.03969 166.732 0.00203203 0.190326 0.583417 0.582657
ENSG00000100105.13 22 31742218 31742218 - 3056 990414 rs573052336 22 30751804 30751804 443 344.882 1.03273 151.484 0.00202494 0.0999279 0.617383 0.611766
ENSG00000213888.2 22 31742875 31742875 + 3058 571563 rs566242210 22 32314438 32314439 443 348.116 1.12481 178.585 0.000138645 0.210533 0.0869131 0.0894173
ENSG00000185721.6 22 31795509 31795509 + 3073 964156 rs5754024 22 32759665 32759665 443 360.63 1.02682 189.468 0.000453361 -0.306891 0.232767 0.244199
ENSG00000198089.9 22 31884674 31884674 + 3098 695796 rs111858877 22 32580470 32580470 443 362.047 1.05674 206.688 0.0113088 -0.161331 0.988012 0.988672
ENSG00000184708.11 22 31892094 31892094 - 3108 620560 rs9609139 22 31271534 31271534 443 351.545 1.04879 184.04 0.0016312 -0.203804 0.576424 0.582103
ENSG00000241878.4 22 32058418 32058418 - 3235 -890008 rs58033264 22 32948426 32948426 443 380.281 0.999634 275.079 0.00136657 0.190545 0.57043 0.564558
ENSG00000183530.9 22 32146126 32146126 - 3245 -803978 rs2710381 22 32950104 32950104 443 346.732 1.09281 209.746 0.00396736 -0.182552 0.877123 0.881173
ENSG00000100150.10 22 32149944 32149944 + 3255 710848 rs9609562 22 32860792 32860792 443 337.95 1.05787 185.455 0.000238048 -0.260969 0.196803 0.196182
ENSG00000128245.9 22 32340447 32340447 + 3344 20314 rs138941487 22 32360761 32360761 443 346.418 1.12036 207.554 5.75674e-08 0.249853 0.000999001 0.000120293
ENSG00000128253.9 22 32600718 32600718 - 3645 -207637 rs2049948 22 32808355 32808355 443 359.094 1.03377 241.648 6.4483e-05 -0.23257 0.0689311 0.0676189
ENSG00000128276.6 22 32750872 32750872 + 3731 63839 rs2014356 22 32814711 32814711 443 373.868 1.01738 289.193 1.96236e-05 -0.485165 0.01998 0.0233997
ENSG00000205853.5 22 32767063 32767063 - 3738 -32305 rs139280842 22 32799368 32799368 443 377.361 0.993844 312.084 4.88696e-10 -0.392769 0.000999001 3.15434e-06
ENSG00000100220.7 22 32808242 32808242 - 3774 28318 rs7287726 22 32779924 32779924 443 358.759 1.03153 280.002 0.00190342 -0.122256 0.759241 0.758001
ENSG00000100225.13 22 32870663 32870663 + 3828 -44719 rs5754080 22 32825944 32825944 443 369.174 0.958361 291.033 0.00309697 0.125134 0.873127 0.876922
ENSG00000133424.14 22 34318829 34318829 - 4460 25313 rs5754752 22 34293516 34293516 443 373.338 1.08719 319.417 0.000135549 -0.19525 0.112887 0.110902
ENSG00000175329.7 22 35462129 35462129 + 4526 575947 rs1894469 22 36038076 36038076 443 371.315 1.0281 259.788 0.000770359 0.187785 0.414585 0.403916
ENSG00000100281.9 22 35653445 35653445 + 4613 870419 rs73163522 22 36523864 36523864 443 349.652 1.07546 242.892 0.00105275 -0.105675 0.555445 0.550908
ENSG00000100284.13 22 35695268 35695268 + 4668 898051 rs132711 22 36593319 36593319 443 368.395 1.04793 284.296 0.000178904 -0.227684 0.151848 0.148513
ENSG00000100292.12 22 35776354 35776354 + 4549 -549278 rs12160682 22 35227076 35227076 443 347.186 1.03747 227.636 0.00491675 -0.184423 0.941059 0.942789
ENSG00000170638.5 22 50624344 50624344 + 3946 2447 rs5771215 22 50626791 50626791 443 359.116 1.0435 340.563 2.00638e-06 0.120428 0.004995 0.00502779
ENSG00000073169.9 22 50639408 50639408 + 3921 -3781 rs5771095 22 50635627 50635627 443 391.313 1.0082 468.698 4.65654e-11 0.207369 0.000999001 2.56039e-07
ENSG00000128159.7 22 50683421 50683421 - 3762 981404 rs5769554 22 49702017 49702017 443 366.708 1.02466 336.473 0.00370113 0.122321 0.937063 0.936135
ENSG00000100429.13 22 50689834 50689834 - 3706 620295 rs5770637 22 50069539 50069539 443 353.535 1.06813 317.122 0.0012554 -0.165902 0.701299 0.690134
ENSG00000188130.8 22 50700254 50700254 - 3659 923 rs3817818 22 50699331 50699331 443 365.562 1.01362 318.533 2.58018e-06 -0.244739 0.003996 0.00574534
ENSG00000185386.10 22 50709196 50709196 - 3616 850273 rs5845894 22 49858923 49858923 443 354.779 1.0386 287.925 0.000150534 -0.206673 0.162837 0.167438
ENSG00000196576.9 22 50746056 50746056 - 3497 943947 rs7286586 22 49802109 49802109 443 368.276 1.02329 315.156 0.00244829 -0.138835 0.835165 0.831302
ENSG00000205593.5 22 50765489 50765489 - 3427 12155 rs73439311 22 50753334 50753334 443 367.303 1.07298 318.953 8.62385e-13 -0.360608 0.000999001 6.42227e-09
ENSG00000100239.10 22 50781733 50781733 + 3369 -859394 rs200822268 22 49922339 49922339 443 368.893 0.99875 286.955 0.000683234 -0.186914 0.442557 0.428317
ENSG00000100241.14 22 50913464 50913464 - 2874 421751 rs137916 22 50491713 50491713 443 378.778 0.994164 259.829 0.0035391 -0.180148 0.83017 0.840475
ENSG00000128165.7 22 50919985 50919985 + 2842 -52523 rs34500818 22 50867461 50867462 443 345.445 1.11483 190.185 9.09062e-05 0.22327 0.0729271 0.0724585
ENSG00000100258.12 22 50946135 50946135 - 2775 -28474 rs200776357 22 50974609 50974609 443 391.053 0.980915 268.465 0.00131918 -0.157403 0.511489 0.505394
ENSG00000025770.13 22 50946645 50946645 + 2773 37954 rs7288373 22 50984599 50984599 443 363.474 1.07105 221.183 4.48687e-05 0.262059 0.035964 0.0369267
ENSG00000130489.8 22 50964868 50964868 - 2714 643122 rs11442399 22 50321746 50321746 443 358.845 1.02975 212.351 0.0011328 0.215432 0.507493 0.500206
ENSG00000025708.8 22 50968485 50968485 - 2712 -10035 rs131787 22 50978520 50978520 443 335.451 1.11166 166.046 7.68185e-05 0.122476 0.0629371 0.0672063
ENSG00000177989.8 22 50971009 50971009 - 2708 20933 rs131821 22 50950076 50950076 443 337.744 1.10605 179.694 0.000461385 -0.20096 0.293706 0.283182
ENSG00000130487.4 22 50986462 50986462 + 2696 1731 rs131779 22 50988193 50988193 443 363.831 1.01371 226.904 4.65729e-06 0.219198 0.003996 0.00699342
ENSG00000217442.3 22 51001334 51001334 - 2674 16735 rs7288373 22 50984599 50984599 443 361.214 1.0188 208.059 1.44968e-15 0.605856 0.000999001 7.74233e-11
ENSG00000205560.8 22 51017899 51017899 - 2647 181923 rs58118879 22 50835976 50835976 443 377.729 0.99566 251.548 0.00074804 -0.193134 0.402597 0.375005
ENSG00000254413.4 22 51021394 51021394 - 2639 -16975 rs715519 22 51038369 51038369 443 374.603 1.04626 247.837 0.000453967 -0.266879 0.241758 0.248928
ENSG00000100288.15 22 51039884 51039884 - 2606 17022 rs131753 22 51022862 51022862 443 368.709 0.998308 222.229 0.000538048 0.199693 0.302697 0.299113
ENSG00000100299.12 22 51066607 51066607 - 2548 3775 rs8142033 22 51062832 51062832 443 372.235 0.98777 228.364 5.97293e-19 -0.432013 0.000999001 1.20201e-13
ENSG00000079974.13 22 51222091 51222091 - 2312 5412 rs117212972 22 51216679 51216679 443 372.083 1.02371 215.018 0.000352285 0.167921 0.198801 0.1943
ENSG00000100297.7 22 35796056 35796056 + 4418 508536 rs9607293 22 36304592 36304592 443 359.299 1.03249 254.492 0.00051805 0.221308 0.34965 0.347999
ENSG00000221963.4 22 36044442 36044442 + 4463 -589079 rs361664 22 35455363 35455363 443 355.384 1.06943 264.805 0.00012506 0.0972695 0.113886 0.123402
ENSG00000100320.16 22 36424473 36424473 - 4611 -61874 rs9610394 22 36486347 36486347 443 389.02 0.964407 404.296 0.000701077 -0.224368 0.458541 0.47142
ENSG00000128284.15 22 36562225 36562225 - 4427 -861261 rs3753145 22 37423486 37423486 443 378.67 1.0648 409.033 0.000233068 -0.211567 0.213786 0.212892
ENSG00000100336.13 22 36600886 36600886 - 4412 -34 rs6000191 22 36600920 36600920 443 379.881 1.02141 408.854 1.0407e-21 0.597219 0.000999001 1.45894e-16
ENSG00000128335.9 22 36636000 36636000 - 4490 -739668 rs5756437 22 37375668 37375668 443 376.896 1.01653 385.272 0.000477576 0.181674 0.376623 0.380271
ENSG00000100342.15 22 36649056 36649056 + 4517 726612 rs5756437 22 37375668 37375668 443 373.922 1.02458 392.669 0.00042509 0.214658 0.35964 0.365756
ENSG00000100345.14 22 36784063 36784063 - 4598 -73771 rs139988 22 36857834 36857835 443 365.507 1.0164 358.909 0.000135588 0.119096 0.167832 0.166876
ENSG00000100348.5 22 36878077 36878077 - 4574 244333 rs114913627 22 36633744 36633744 443 343.779 1.14139 311.222 0.00203602 0.357696 0.831169 0.84081
ENSG00000100350.10 22 36903148 36903148 - 4533 -618063 rs3218339 22 37521211 37521211 443 356.195 1.08224 346.976 0.000573123 -0.215205 0.473526 0.464682
ENSG00000100353.12 22 36925483 36925483 - 4558 379822 rs2032518 22 36545661 36545661 443 373.749 1.02169 392.978 0.000932013 0.169472 0.612388 0.595819
ENSG00000100360.10 22 37172300 37172300 - 4530 -198621 rs5750348 22 37370921 37370921 443 377.231 1.06961 448.432 0.000318424 0.205877 0.31968 0.298887
ENSG00000100365.10 22 37257030 37257030 + 4613 -4112 rs4821542 22 37252918 37252918 443 378.724 1.04719 421.204 1.6961e-09 0.42867 0.000999001 6.13199e-06
ENSG00000100368.8 22 37309670 37309670 + 4622 -45824 rs729749 22 37263846 37263846 443 395.618 1.00521 547.894 3.7928e-13 0.428909 0.000999001 3.33338e-09
ENSG00000128309.11 22 37415676 37415676 + 4606 78124 rs228899 22 37493800 37493800 443 377.145 0.989037 407.042 0.00107394 0.127523 0.64036 0.651044
ENSG00000128311.8 22 37415681 37415681 - 4606 47426 rs2858475 22 37368255 37368255 443 381.071 1.00619 448.807 0.00049593 0.169917 0.425574 0.423378
ENSG00000100379.13 22 37447779 37447779 + 4576 -118813 rs1534879 22 37328966 37328966 443 388.382 1.04278 520.801 0.00135628 0.160954 0.732268 0.741263
ENSG00000187045.12 22 37505603 37505603 - 4556 -400042 rs760721 22 37905645 37905645 443 373.003 1.01372 427.67 0.000581473 -0.17395 0.502498 0.488708
ENSG00000100385.8 22 37571094 37571094 - 4567 16255 rs229484 22 37554839 37554839 443 389.063 1.01608 500.605 2.09114e-08 0.25427 0.000999001 6.43396e-05
ENSG00000133466.9 22 37595425 37595425 - 4515 -14994 rs9622574 22 37610419 37610419 443 385.646 0.965354 467.61 4.00774e-18 -0.466472 0.000999001 7.30948e-13
ENSG00000183473.5 22 37608362 37608362 - 4455 -3680 rs762921 22 37612042 37612042 443 377.88 1.06384 465.789 4.48429e-07 -0.20036 0.000999001 0.00093868
ENSG00000128340.10 22 37640488 37640488 - 4365 -130670 rs2071857 22 37771158 37771158 443 358.586 1.0465 321.775 0.00107632 0.180541 0.646354 0.631627
ENSG00000099977.9 22 24322660 24322660 - 4805 79687 rs4820571 22 24242973 24242973 443 343.693 1.05522 259.515 0.000112982 -0.133323 0.138861 0.141859
ENSG00000184674.7 22 24384680 24384680 - 4752 17837 rs114323341 22 24366843 24366843 443 382.098 0.974214 399.381 4.51644e-60 -0.804358 0.000999001 3.4331e-48
ENSG00000099991.11 22 24407642 24407642 + 4787 -761620 rs73152671 22 23646022 23646022 443 355.503 1.01791 282.738 0.000472669 -0.23607 0.371628 0.380365
ENSG00000100014.13 22 24666786 24666786 + 4878 582950 rs558179730 22 25249736 25249743 443 371.002 1.0222 419.387 0.00150002 -0.211948 0.774226 0.779425
ENSG00000128271.12 22 24813847 24813847 + 4841 840967 rs4822593 22 25654814 25654814 443 348.257 1.04261 295.621 0.00100566 0.220984 0.641359 0.632575
ENSG00000100024.9 22 24863206 24863206 + 4651 -672180 rs13058278 22 24191026 24191026 443 364.123 1.05456 354.592 0.000260512 0.119845 0.261738 0.257621
ENSG00000178803.6 22 24891042 24891042 - 4564 -919929 rs133274 22 25810971 25810971 443 370.666 1.05704 367.981 0.000534811 -0.211422 0.417582 0.405376
ENSG00000100028.7 22 24951471 24951471 + 4577 -744179 rs534921518 22 24207291 24207292 443 368.006 1.02368 339.452 0.0102284 -0.134834 0.997003 0.998561
ENSG00000138867.12 22 24951903 24951903 - 4577 -968044 rs141939198 22 25919947 25919947 443 348.311 1.10492 299.761 0.000306814 0.207506 0.306693 0.290377
ENSG00000100031.14 22 24979718 24979718 + 4539 6632 rs6004189 22 24986350 24986350 443 380.303 1.04732 384.955 1.75988e-08 -0.389801 0.000999001 4.29411e-05
ENSG00000178026.8 22 24989175 24989175 - 4508 -3778 rs199837761 22 24992953 24992954 443 347.478 1.06472 276.807 2.03218e-06 -0.219676 0.003996 0.00505364
ENSG00000197077.7 22 25421600 25421600 + 4110 39511 rs543000505 22 25461111 25461111 443 377.048 1.02329 390.609 0.000571072 -0.220294 0.441558 0.428675
ENSG00000244752.2 22 25615489 25615489 + 4196 237339 rs57438964 22 25852828 25852828 443 379.47 1.00603 410.742 6.90989e-19 0.48887 0.000999001 7.28158e-14
ENSG00000100068.7 22 25801344 25801344 - 4559 2147 rs35140933 22 25799196 25799197 443 376.301 1.00725 442.755 2.71204e-05 0.290317 0.045954 0.0463961
ENSG00000100077.7 22 25960816 25960816 + 4675 -43144 rs5752170 22 25917672 25917672 443 375.847 1.00529 444.005 0.00104104 -0.116016 0.68032 0.672636
ENSG00000133454.11 22 26138111 26138111 + 4574 993103 rs35663082 22 27131214 27131214 443 352.983 1.08246 366.311 0.00402269 -0.136364 0.972028 0.972831
ENSG00000128203.6 22 26825239 26825239 + 4428 140779 rs11704297 22 26966018 26966018 443 378.335 1.04581 564.022 2.74576e-06 0.187783 0.004995 0.00650676
ENSG00000100099.14 22 26879820 26879820 - 4423 756941 rs34169246 22 26122879 26122879 443 370.547 1.08937 510.314 0.000852359 -0.191779 0.663337 0.654116
ENSG00000100104.7 22 26879843 26879843 + 4423 850266 rs572159 22 27730109 27730109 443 389.875 0.996364 632.008 0.00139643 0.155262 0.817183 0.822462
ENSG00000100109.11 22 26908471 26908471 - 4503 -323402 rs11365253 22 27231873 27231874 443 381.417 1.00575 541.021 3.44581e-05 -0.27598 0.0569431 0.0625457
ENSG00000260065.1 22 26921002 26921002 - 4478 -723 rs4275 22 26921725 26921725 443 357.85 1.06454 429.675 2.63431e-64 0.74889 0.000999001 8.09696e-53
ENSG00000128294.10 22 26992681 26992681 - 4510 33997 rs7291557 22 26958684 26958684 443 366.189 1.04284 456.126 0.000591348 -0.177676 0.533467 0.538301
ENSG00000100418.7 22 42017100 42017100 - 3250 41898 rs13340068 22 41975202 41975202 443 364.837 1.04134 164.235 0.000776616 0.21749 0.294705 0.294885
ENSG00000196419.7 22 42017123 42017123 + 3250 -330889 rs567276827 22 41686233 41686234 443 364.437 1.013 161.717 0.000884179 -0.128427 0.347652 0.333842
ENSG00000184208.10 22 42084943 42084943 + 3370 -23304 rs34077262 22 42061639 42061639 443 357.331 1.02635 156.539 1.00333e-07 0.255019 0.000999001 0.000215427
ENSG00000100138.9 22 42086508 42086508 - 3376 679589 rs5758179 22 41406919 41406919 443 343.466 1.11146 144.106 0.0112637 -0.154027 0.967033 0.970456
ENSG00000167077.7 22 42095503 42095503 + 3397 -240045 rs202638 22 41855458 41855458 443 357.093 1.04161 154.972 1.71637e-12 -0.287507 0.000999001 1.78446e-08
ENSG00000100147.8 22 42196683 42196683 + 3686 -75819 rs62239561 22 42120864 42120864 443 372.17 0.963521 189.178 1.8015e-16 -0.357925 0.000999001 2.17057e-11
ENSG00000198911.6 22 42229109 42229109 + 3705 866819 rs910301 22 43095928 43095928 443 347.413 0.993182 157.042 0.000849758 0.101754 0.403596 0.392937
ENSG00000184068.2 22 42230669 42230669 - 3706 41778 rs12168543 22 42188891 42188891 443 325.847 1.09616 132.304 0.000609839 0.127994 0.332667 0.309759
ENSG00000234965.1 22 42310570 42310570 - 3865 917209 rs567918223 22 41393360 41393361 443 352.832 1.02929 165.76 0.000546318 -0.180977 0.291708 0.273746
ENSG00000260655.1 22 42319104 42319104 - 3886 -2487 rs5996087 22 42321591 42321591 443 339.269 1.08231 158.925 6.61519e-06 0.185072 0.00799201 0.00857817
ENSG00000159958.3 22 42322822 42322822 - 3899 32645 rs12157312 22 42290177 42290177 443 348.019 1.06042 172.735 1.60399e-05 0.177096 0.015984 0.0174435
ENSG00000100162.10 22 42343168 42343168 - 3937 -624769 rs151177117 22 42967937 42967944 443 383.277 0.966559 223.954 0.000957389 -0.102182 0.406593 0.395885
ENSG00000100167.15 22 42372276 42372276 + 3991 -922446 rs71200649 22 41449830 41449830 443 334.857 1.10642 149.123 0.000584344 0.197073 0.2997 0.29332
ENSG00000183066.10 22 42394729 42394729 + 4012 15248 rs9611710 22 42409977 42409977 443 370.266 1.01101 202.638 6.32161e-08 -0.328547 0.000999001 0.000139467
ENSG00000198951.6 22 42466846 42466846 - 4017 49859 rs133339 22 42416987 42416987 443 371.099 1.00546 211.167 7.02635e-08 0.223708 0.000999001 0.000162562
ENSG00000177096.4 22 42470255 42470255 + 4025 323975 rs2076089 22 42794230 42794230 443 360.143 1.00038 174.857 0.000757011 -0.217049 0.34965 0.342216
ENSG00000183172.6 22 42475695 42475695 + 4036 -11881 rs133369 22 42463814 42463814 443 334.575 1.04463 140.616 1.72266e-24 0.557264 0.000999001 1.86886e-17
ENSG00000184983.4 22 42486959 42486959 - 4055 66151 rs133345 22 42420807 42420808 443 364.534 0.997059 190.819 4.3602e-07 -0.268337 0.001998 0.000894864
ENSG00000100197.15 22 42540472 42540472 - 4115 -43827 rs570749952 22 42584299 42584299 443 354.595 1.04742 194.517 2.49374e-07 -0.346397 0.000999001 0.000534824
ENSG00000182057.4 22 42665759 42665759 + 4210 -203841 rs2854827 22 42461918 42461918 443 371.597 0.993258 247.48 3.76994e-05 -0.248687 0.03996 0.0399489
ENSG00000233903.1 22 42672361 42672361 + 4216 -311267 rs77337287 22 42361094 42361094 443 344.115 1.04866 195.919 0.000293871 0.21187 0.220779 0.222812
ENSG00000100207.14 22 42739622 42739622 - 4250 108475 rs34834610 22 42631147 42631147 443 373.749 0.988458 265.086 0.000390036 -0.078782 0.277722 0.262983
ENSG00000226287.3 22 21055220 21055220 + 2959 -552449 rs1659630 22 20502771 20502771 443 389.702 1.01253 383.263 2.51151e-13 -0.316681 0.000999001 2.00035e-09
ENSG00000099937.6 22 21128167 21128167 + 2956 409539 rs9754324 22 21537706 21537706 443 372.84 1.03133 339.628 0.000284074 0.174005 0.242757 0.242644
ENSG00000099940.6 22 21213271 21213271 + 2786 -161555 rs373121581 22 21051716 21051716 443 363.074 1.05867 283.098 1.99374e-09 0.530329 0.000999001 8.14895e-06
ENSG00000241973.6 22 21213705 21213705 - 2787 828503 rs371888151 22 20385202 20385202 443 367.389 1.10013 323.442 0.000555537 -0.145558 0.357642 0.370005
ENSG00000099942.8 22 21271714 21271714 + 2790 -430042 rs35035626 22 20841671 20841672 443 376.453 0.998553 328.298 0.000422688 0.113924 0.335664 0.316558
ENSG00000237476.1 22 21311380 21311380 + 2773 -320 rs46455 22 21311060 21311060 443 390.48 1.06854 388.231 7.50339e-05 0.222139 0.0539461 0.0611761
ENSG00000183773.10 22 21319396 21319396 + 2780 269027 rs201171845 22 21588423 21588424 443 384.802 1.02401 361.429 0.000431583 -0.258322 0.304695 0.301564
ENSG00000099949.13 22 21322090 21322090 + 2772 -859541 rs375703269 22 20462549 20462549 443 379.113 1.06235 324.627 0.00869967 0.128611 0.989011 0.992084
ENSG00000184436.7 22 21356485 21356485 - 2784 5605 rs178295 22 21350880 21350880 443 381.655 1.07184 340.581 0.000639239 -0.120609 0.377622 0.372174
ENSG00000133475.12 22 21581926 21581926 - 3658 -701354 rs74576380 22 22283280 22283280 443 373.414 1.12641 382.031 0.00017605 -0.261506 0.14985 0.152399
ENSG00000196934.2 22 21737663 21737663 + 4150 954252 rs55752171 22 22691915 22691915 443 349.544 1.07098 279.569 2.81071e-05 0.160775 0.044955 0.0427649
ENSG00000169635.5 22 21771693 21771693 + 4196 455018 rs141161973 22 22226711 22226715 443 355.298 1.10056 300.637 0.0017969 0.165327 0.76024 0.759042
ENSG00000206140.5 22 21820712 21820712 + 4218 -98187 rs72617216 22 21722525 21722525 443 382.531 1.00536 398.479 3.6089e-13 -0.38351 0.000999001 5.14514e-09
ENSG00000185651.10 22 21903736 21903736 + 4332 454495 rs6000510 22 22358231 22358231 443 361.246 1.06033 344.97 0.000134458 -0.271493 0.151848 0.156082
ENSG00000183246.6 22 21905750 21905750 - 4333 -786165 rs55752171 22 22691915 22691915 443 380.649 1.00226 402.6 1.48723e-05 0.165908 0.021978 0.0235372
ENSG00000161179.9 22 21984353 21984353 - 4421 -99378 rs35544773 22 22083731 22083732 443 371.867 1.03232 365.681 0.00139878 0.107094 0.703297 0.702578
ENSG00000128228.4 22 21996550 21996550 + 4434 -352204 rs78164537 22 21644346 21644346 443 369.909 1.068 383.468 0.00294774 0.143826 0.912088 0.910991
ENSG00000100023.12 22 22006559 22006559 + 4441 -777920 rs13058623 22 21228639 21228639 443 383.256 0.9948 409.048 0.000181405 0.228646 0.182817 0.186398
ENSG00000100027.10 22 22090123 22090123 - 4643 -177157 rs113109654 22 22267280 22267280 443 356.65 1.14441 334.553 0.000559589 -0.217138 0.414585 0.414554
ENSG00000100030.9 22 22221970 22221970 - 4842 41003 rs143016569 22 22180964 22180967 443 382.855 1.04136 477.908 1.51142e-05 -0.282281 0.024975 0.0230015
ENSG00000100034.8 22 22307209 22307209 - 4915 200591 rs5749806 22 22106618 22106618 443 339.648 1.10876 301.163 0.00018329 -0.188395 0.216783 0.227133
ENSG00000100038.14 22 22337213 22337213 - 4907 -863314 rs34128201 22 23200527 23200527 443 373.619 1.07314 454.462 9.36685e-05 0.312902 0.116883 0.118581
ENSG00000100211.6 22 39052641 39052641 + 3734 63750 rs55850024 22 39116391 39116392 443 381.72 0.980659 308.84 3.05385e-06 0.214182 0.00699301 0.00509507
ENSG00000100216.4 22 39077953 39077953 + 3726 558557 rs34350734 22 39636510 39636510 443 371.629 1.02157 261.075 0.00129659 -0.12248 0.556444 0.559218
ENSG00000100221.6 22 39097561 39097561 - 3704 218551 rs2071887 22 38879010 38879010 443 381.568 0.964331 292.472 0.000127929 -0.18232 0.11988 0.115173
ENSG00000100226.11 22 39101728 39101728 + 3697 848621 rs4438587 22 39950349 39950349 443 335.549 1.15124 204.385 0.00309827 0.134635 0.846154 0.84015
ENSG00000100242.11 22 39190148 39190148 - 3568 996228 rs2413485 22 38193920 38193920 443 357.407 1.02753 230.837 0.00180925 -0.164713 0.68032 0.680548
ENSG00000100246.7 22 39190203 39190203 - 3568 -426259 rs375250233 22 39616462 39616462 443 368.99 1.05896 274.764 0.00103864 0.318596 0.524476 0.50466
ENSG00000183741.7 22 39268319 39268319 - 3490 -178098 rs36077579 22 39446417 39446417 443 360.695 1.08265 256.397 0.00178817 -0.114985 0.696304 0.679971
ENSG00000128383.8 22 39348746 39348746 + 3482 36007 rs1807558 22 39384753 39384753 443 385.246 1.02911 308.689 0.000812864 -0.157349 0.416583 0.41153
ENSG00000179750.11 22 39378352 39378352 + 3472 27074 rs56408977 22 39405426 39405432 443 344.461 1.05991 206.667 5.50669e-08 0.265605 0.002997 0.000207073
ENSG00000244509.2 22 39410088 39410088 + 3506 103442 rs139358 22 39513530 39513530 443 353.026 1.11835 236.642 0.000112264 -0.17525 0.0869131 0.0932542
ENSG00000243811.2 22 39410368 39410368 + 3506 10233 rs34074269 22 39420601 39420601 443 349.717 1.02822 220.027 3.59249e-06 -0.214193 0.00899101 0.00728098
ENSG00000128394.12 22 39436609 39436609 + 3519 12102 rs6001402 22 39448711 39448711 443 362.187 1.03392 256.134 0.00113382 -0.149942 0.563437 0.550221
ENSG00000239713.3 22 39436924 39436924 + 3519 70730 rs139342 22 39507654 39507654 443 362.847 1.08574 273.95 8.0919e-05 -0.150697 0.0719281 0.0742342
ENSG00000100298.11 22 39493229 39493229 + 3474 68250 rs5995689 22 39561479 39561479 443 362.685 1.04757 245.251 0.000992612 -0.167844 0.488511 0.486006
ENSG00000100307.8 22 39548679 39548679 - 3434 405343 rs371350765 22 39143336 39143336 443 378.908 1.03457 322.88 0.00372159 -0.16018 0.901099 0.900547
ENSG00000100311.12 22 39640756 39640756 - 3404 -22394 rs34698021 22 39663150 39663151 443 333.948 1.19213 197.415 2.78649e-09 -0.425116 0.000999001 6.61633e-06
ENSG00000100316.11 22 39716394 39716394 - 3353 488519 rs28492938 22 39227875 39227875 443 291.595 0.912714 103.258 0.000511857 -0.169404 0.41958 0.437645
ENSG00000100321.10 22 39745930 39745930 + 3367 1741 rs909685 22 39747671 39747671 443 375.414 1.03353 247.172 4.53283e-76 0.949937 0.000999001 2.04768e-64
ENSG00000100324.8 22 39795746 39795746 + 3307 -951494 rs564030318 22 38844251 38844252 443 384.553 0.963836 258.888 0.0034346 0.326827 0.838162 0.82113
ENSG00000128268.11 22 39853349 39853349 + 3231 -1379 rs1557541 22 39851970 39851970 443 369.206 1.02674 234.81 1.93217e-05 0.175961 0.021978 0.0199409
ENSG00000100335.8 22 39895437 39895437 + 3210 334157 rs73163076 22 40229594 40229594 443 389.929 1.01364 285.63 0.00171869 0.212823 0.62038 0.601777
ENSG00000128272.10 22 39915700 39915700 + 3203 17568 rs71326775 22 39933268 39933269 443 369.855 1.00111 220.56 0.000144087 0.175672 0.113886 0.107134
ENSG00000100325.10 22 30234271 30234271 - 3217 -272101 rs10712471 22 30506372 30506373 443 371.716 0.99002 218.138 0.000297864 0.224787 0.186813 0.186246
ENSG00000100330.10 22 30279144 30279144 + 3247 65644 rs35433786 22 30344788 30344788 443 355.114 1.0912 202.279 0.00485614 -0.181187 0.885115 0.891993
ENSG00000128342.4 22 30642840 30642840 - 3157 925124 rs5763138 22 29717716 29717716 443 341.984 1.04655 149.231 0.00185267 -0.17678 0.592408 0.58683
ENSG00000099985.3 22 30662829 30662829 - 3142 -286991 rs8142452 22 30949820 30949820 443 360.111 1.02421 184.345 0.000376971 -0.183808 0.218781 0.210442
ENSG00000239282.3 22 30685616 30685616 - 3169 -869148 rs76873698 22 31554764 31554764 443 330.833 1.06858 141.812 0.00260459 0.410749 0.718282 0.708829
ENSG00000248751.2 22 30695471 30695471 - 3166 -153233 rs71328853 22 30848704 30848704 443 369.001 1.04768 209.481 0.00871717 -0.189615 0.962038 0.967549
ENSG00000099992.11 22 30723035 30723035 - 3172 476184 rs71324788 22 30246851 30246851 443 346.029 1.02246 157.442 0.000429316 0.233462 0.254745 0.244408
ENSG00000187860.6 22 30752624 30752624 + 3177 -946195 rs145639056 22 29806429 29806429 443 340.167 1.07984 159.865 0.00313773 -0.36718 0.772228 0.762999
ENSG00000099995.12 22 30752936 30752936 - 3177 815668 rs737981 22 29937268 29937268 443 367.811 1.0063 190.202 0.00258667 0.104231 0.685315 0.682125
ENSG00000100003.12 22 30792846 30792846 + 3140 14885 rs563299077 22 30807731 30807731 443 364.577 1.03183 184.147 0.00109965 0.24569 0.428571 0.417122
ENSG00000249590.3 22 30805244 30805244 + 3130 371885 rs571262411 22 31177129 31177130 443 349.23 1.06464 163.159 0.0103701 0.167833 0.972028 0.973815
ENSG00000099999.9 22 30817760 30817760 - 3099 933483 rs165743 22 29884277 29884277 443 334.662 1.14567 150.725 0.00228828 -0.219959 0.66034 0.647677
ENSG00000242114.1 22 30821518 30821518 + 3097 610871 rs9609197 22 31432389 31432389 443 372.516 1.04413 203.5 0.000716903 -0.218514 0.308691 0.303704
ENSG00000185339.4 22 31002825 31002825 + 2893 6995 rs5753236 22 31009820 31009820 443 361.03 1.09555 186.487 2.19362e-07 -0.233456 0.000999001 0.000252645
ENSG00000100029.12 22 31003070 31003070 - 2893 -982725 rs536921651 22 31985795 31985795 443 369.379 1.0553 200.409 0.00350284 -0.242042 0.764236 0.769439
ENSG00000100036.11 22 31031639 31031639 + 2891 -5872 rs34733171 22 31025766 31025767 443 353.665 1.06676 166.031 0.000218635 -0.181762 0.11988 0.12615
ENSG00000167065.9 22 31063877 31063877 - 2858 72 rs34597012 22 31063804 31063805 443 367.822 1.01603 187.101 2.66361e-07 -0.263107 0.000999001 0.000453163
ENSG00000184792.11 22 31089769 31089769 + 2826 714969 rs66474618 22 31804738 31804744 443 352.615 1.02386 152.836 0.000780092 -0.190712 0.330669 0.32985
ENSG00000133422.7 22 31364284 31364284 - 2676 -33743 rs11407753 22 31398027 31398027 443 365.096 1.07406 194.35 0.00274009 -0.151111 0.712288 0.693549
ENSG00000253352.3 22 31366663 31366663 + 2676 -689812 rs4823084 22 30676851 30676851 443 340.145 1.10707 148.433 0.000686404 0.153491 0.30969 0.304825
ENSG00000183963.12 22 31460091 31460091 + 2643 2211 rs55911547 22 31462302 31462302 443 372.126 1.01439 188.199 0.00268969 -0.252344 0.677323 0.669156
ENSG00000198832.6 22 31516055 31516055 - 2620 8717 rs11703403 22 31507338 31507338 443 331.493 1.05656 123.439 1.05466e-07 0.182076 0.000999001 0.000334116
ENSG00000100364.13 22 45636650 45636650 - 5249 -6257 rs6006956 22 45642907 45642907 443 372.689 1.05064 564.769 3.02569e-15 0.43806 0.000999001 8.35504e-11
ENSG00000100376.7 22 45704849 45704849 + 5223 26690 rs738177 22 45731539 45731539 443 384.748 1.03665 597.964 1.12669e-63 -1.20693 0.000999001 1.13998e-54
ENSG00000077935.12 22 45809500 45809500 - 5065 -124 rs2272804 22 45809624 45809624 443 384.716 1.01174 562.808 2.48062e-24 -0.525061 0.000999001 8.43329e-19
ENSG00000128408.7 22 45809572 45809572 + 5064 52 rs2272804 22 45809624 45809624 443 364.404 1.05066 449.861 1.44875e-30 -0.5829 0.000999001 6.64588e-24
ENSG00000130638.10 22 46067678 46067678 + 5084 -829446 rs136676 22 45238232 45238232 443 394.623 0.967993 624.879 0.000380298 -0.177953 0.416583 0.408589
ENSG00000186951.11 22 46546424 46546424 + 4737 689016 rs6008984 22 47235440 47235440 443 366.957 1.01246 356.2 0.00392621 -0.150233 0.954046 0.954027
ENSG00000205643.6 22 46646576 46646576 - 4777 805855 rs4823297 22 45840721 45840721 443 357.536 1.05058 346.486 0.000492223 0.184662 0.440559 0.429762
ENSG00000075234.12 22 46663858 46663858 + 4719 23362 rs73886792 22 46687220 46687220 443 377.48 1.0106 438.422 1.32967e-18 0.714852 0.000999001 1.4272e-13
ENSG00000075218.13 22 46692638 46692638 + 4665 294338 rs5769000 22 46986976 46986976 443 410.175 0.911851 543.395 0.00115514 0.252463 0.641359 0.656356
ENSG00000100416.8 22 46726772 46726772 + 4679 472861 rs5767367 22 47199633 47199633 443 390.761 0.984652 480.677 0.000869802 -0.200231 0.567433 0.579677
ENSG00000075275.12 22 46933067 46933067 - 4606 23181 rs6008886 22 46909886 46909886 443 389.734 0.977124 457.964 8.74144e-05 0.215836 0.115884 0.107947
ENSG00000075240.12 22 46971909 46971909 + 4591 -189803 rs9615977 22 46782106 46782106 443 381.092 1.06287 445.852 0.000257787 -0.280934 0.253746 0.241597
ENSG00000100422.9 22 47134158 47134158 - 4708 -689603 rs7287901 22 47823761 47823761 443 377.794 1.00097 414.988 1.88932e-05 0.187163 0.034965 0.0318117
ENSG00000054611.9 22 47158518 47158518 + 4716 162305 rs742240 22 47320823 47320823 443 363.171 1.07335 379.809 0.00564502 0.155587 0.985015 0.988966
ENSG00000188511.8 22 50051190 50051190 - 6373 -12337 rs13053272 22 50063527 50063527 443 387.236 1.09463 818.646 0.000618733 -0.421292 0.639361 0.636952
ENSG00000100425.13 22 50221160 50221160 - 5706 -662801 rs756014 22 50883961 50883961 443 379.924 1.02634 630.727 0.0024827 0.181069 0.953047 0.957754
ENSG00000100426.5 22 50247490 50247490 + 5594 467259 rs527619491 22 50714749 50714749 443 365.724 1.01564 514.541 0.000582579 0.152396 0.611389 0.592928
ENSG00000184164.10 22 50311815 50311815 + 5333 6691 rs113800028 22 50318506 50318506 443 370.364 1.11527 572.762 6.08697e-13 -0.38712 0.000999001 3.39579e-09
ENSG00000182858.7 22 50312106 50312106 - 5331 -340912 rs13058530 22 50653018 50653018 443 402.702 0.962932 700.861 6.21371e-05 -0.308702 0.0949051 0.0998711
ENSG00000198355.4 22 50354161 50354161 + 5053 354433 rs34355047 22 50708594 50708594 443 355.633 1.1385 434.687 0.00429159 0.077557 0.985015 0.986335
ENSG00000100427.11 22 50524331 50524331 - 4401 -29933 rs731857 22 50554264 50554264 443 365.053 1.02292 417.85 6.12442e-09 -0.352199 0.000999001 4.35031e-05
ENSG00000073150.8 22 50609160 50609160 + 3997 541611 rs5770821 22 51150771 51150771 443 369.314 1.00948 379.542 0.000558412 -0.113104 0.474525 0.456798
ENSG00000093009.5 22 19466982 19466982 + 3761 232199 rs35682118 22 19699181 19699181 443 385.246 1.04838 489.412 0.00118935 0.153265 0.699301 0.68881
ENSG00000184702.12 22 19701987 19701987 + 3349 391139 rs443678 22 20093126 20093126 443 368.19 1.04169 351.236 0.000364593 0.219222 0.316683 0.314729
ENSG00000215012.4 22 19842419 19842419 - 3558 12979 rs11089314 22 19829440 19829440 443 371.542 1.05729 377.171 1.28939e-05 -0.301595 0.017982 0.0190617
ENSG00000185838.9 22 19842462 19842462 - 3558 -155924 rs8135174 22 19998386 19998386 443 361.43 1.07635 323.618 0.000694061 -0.187746 0.478521 0.471758
ENSG00000093010.7 22 19929130 19929130 + 3511 -1984 rs5748489 22 19927146 19927146 443 357.396 1.06073 293.654 4.81598e-11 0.314509 0.000999001 4.3317e-07
ENSG00000184470.13 22 19929359 19929359 - 3512 -15201 rs165767 22 19944560 19944560 443 378.01 1.04447 367.972 0.000455392 0.214331 0.34965 0.33695
ENSG00000099889.9 22 20004331 20004331 - 3543 -828161 rs68060846 22 20832492 20832493 443 362.522 1.09065 328.933 0.000566301 0.282044 0.417582 0.407675
ENSG00000183597.11 22 20004537 20004537 + 3544 356319 rs3962691 22 20360856 20360856 443 362.209 1.05031 307.879 0.000738216 -0.180605 0.48951 0.480502
ENSG00000128191.9 22 20067755 20067755 + 3529 788664 rs201449145 22 20856419 20856420 443 380.389 1.01651 412.034 0.00140599 -0.335219 0.714286 0.714217
ENSG00000099901.11 22 20103461 20103461 + 3469 125081 rs701428 22 20228542 20228542 443 393.887 1.01779 456.193 0.00374258 -0.0874244 0.949051 0.94125
ENSG00000099899.9 22 20104915 20104915 - 3467 -139808 rs9606297 22 20244723 20244723 443 371.467 1.01655 362.883 0.00148914 -0.241498 0.737263 0.72675
ENSG00000099904.11 22 20116979 20116979 + 3459 -412262 rs565201966 22 19704717 19704717 443 383.494 1.06505 440.014 0.000440269 0.218756 0.34965 0.346578
ENSG00000040608.9 22 20270769 20270769 - 3467 35952 rs887765 22 20234817 20234817 443 374.895 1.03472 353.035 3.54848e-06 -0.201498 0.003996 0.00584507
ENSG00000128185.5 22 20307603 20307603 - 3480 13978 rs2904577 22 20293625 20293625 443 370.894 1.02476 319.351 2.90187e-06 -0.168947 0.00599401 0.00519615
ENSG00000183038.9 22 20368028 20368028 - 3521 190383 rs5992519 22 20177645 20177645 443 371.943 0.999102 349.683 0.00149433 0.153408 0.704296 0.718821
ENSG00000235704.1 22 20377669 20377669 + 3528 109245 rs371437107 22 20486914 20486914 443 372.018 0.991946 353.784 9.61787e-23 -0.335763 0.000999001 1.1377e-16
ENSG00000206176.5 22 20378814 20378814 + 3528 123957 rs1659630 22 20502771 20502771 443 343.747 1.08862 287.389 2.09099e-21 -0.377547 0.000999001 9.79329e-16
ENSG00000196622.5 22 20461786 20461786 - 3608 -994332 rs34563190 22 21456118 21456119 443 378.097 1.03243 411.873 0.0026366 -0.147891 0.897103 0.889694
ENSG00000161133.12 22 20745048 20745048 - 3251 -879859 rs587922 22 21624907 21624907 443 363.031 1.11922 346.87 0.00468542 -0.252432 0.962038 0.96713
ENSG00000185252.13 22 20748405 20748405 + 3250 6836 rs4599229 22 20755241 20755241 443 362.76 1.08529 330.383 5.85063e-05 0.197168 0.0639361 0.0684491
ENSG00000244486.2 22 20792146 20792146 - 3186 -47729 rs4564890 22 20839875 20839875 443 381.503 1.05808 400.742 0.000681666 -0.444439 0.45954 0.450295
ENSG00000099910.12 22 20850170 20850170 - 3147 689399 rs175192 22 20160771 20160771 443 386.403 1.03533 444.667 0.00174427 0.195408 0.775225 0.774886
ENSG00000099917.12 22 20850200 20850200 + 3146 -912667 rs5993882 22 19937533 19937533 443 385.31 1.01109 405.269 0.00049283 -0.189803 0.378621 0.368829
