other_variant our_variant phenotype phenotype_group other_variant_chr other_variant_start other_variant_rank our_variant_chr our_variant_start our_variant_rank phenotype_chr phenotype_start distance_between_variants distance_between_other_variant_and_pheno other_variant_region_index our_variant_region_index region_start region_end variant_count_in_region RTC D' r^2
rs34891900 rs10537282 ENSG00000099968.13 ENSG00000099968.13 22 18163158 0 22 18157841 0 22 18111621 5317 51537 64975 64975 18063447 18229446 486 0.87037 NA 0.449932
rs5747327 rs10537282 ENSG00000099968.13 ENSG00000099968.13 22 18169212 0 22 18157841 0 22 18111621 11371 57591 64975 64975 18063447 18229446 486 0.940329 NA 0.439339
rs5013026 rs10537282 ENSG00000099968.13 ENSG00000099968.13 22 18171650 0 22 18157841 0 22 18111621 13809 60029 64975 64975 18063447 18229446 486 0.878601 NA 0.447643
rs5746492 rs34483330 ENSG00000093100.12 ENSG00000093100.12 22 18393933 0 22 18460302 0 22 18507325 66369 113392 64987 64987 18382447 18485446 356 0.314607 NA 0.0321233
rs5747408 rs34483330 ENSG00000093100.12 ENSG00000093100.12 22 18397120 0 22 18460302 0 22 18507325 63182 110205 64987 64987 18382447 18485446 356 0.33427 NA 0.0995851
rs1076540 rs34483330 ENSG00000093100.12 ENSG00000093100.12 22 18439958 0 22 18460302 0 22 18507325 20344 67367 64987 64987 18382447 18485446 356 0.587079 NA 0.420011
rs1978968 rs34483330 ENSG00000093100.12 ENSG00000093100.12 22 18448113 0 22 18460302 0 22 18507325 12189 59212 64987 64987 18382447 18485446 356 0.83427 NA 0.486698
rs11704827 rs34483330 ENSG00000093100.12 ENSG00000093100.12 22 18450287 0 22 18460302 0 22 18507325 10015 57038 64987 64987 18382447 18485446 356 0.671348 NA 0.450016
rs5746492 rs4819654 ENSG00000243156.2 ENSG00000243156.2 22 18393933 0 22 18483388 0 22 18507325 89455 113392 64987 64987 18382447 18485446 356 0.294944 NA 0.00279642
rs5747408 rs4819654 ENSG00000243156.2 ENSG00000243156.2 22 18397120 0 22 18483388 0 22 18507325 86268 110205 64987 64987 18382447 18485446 356 0.207865 NA 0.00911164
rs1076540 rs4819654 ENSG00000243156.2 ENSG00000243156.2 22 18439958 0 22 18483388 0 22 18507325 43430 67367 64987 64987 18382447 18485446 356 0.626404 NA 0.165165
rs1978968 rs4819654 ENSG00000243156.2 ENSG00000243156.2 22 18448113 0 22 18483388 0 22 18507325 35275 59212 64987 64987 18382447 18485446 356 0.522472 NA 0.19059
rs11704827 rs4819654 ENSG00000243156.2 ENSG00000243156.2 22 18450287 0 22 18483388 0 22 18507325 33101 57038 64987 64987 18382447 18485446 356 0.676966 NA 0.165403
rs807669 rs5746671 ENSG00000100075.5 ENSG00000100075.5 22 19154522 0 22 19160899 0 22 19166343 6377 11821 65005 65005 19147447 19274446 176 0.517045 NA 0.207029
rs712964 rs5746671 ENSG00000100075.5 ENSG00000100075.5 22 19156117 0 22 19160899 0 22 19166343 4782 10226 65005 65005 19147447 19274446 176 0.75 NA 0.317387
rs2040771 rs5746671 ENSG00000100075.5 ENSG00000100075.5 22 19161935 0 22 19160899 0 22 19166343 1036 4408 65005 65005 19147447 19274446 176 0.982955 NA 0.939847
rs4646312 rs5748489 ENSG00000093010.7 ENSG00000093010.7 22 19948337 0 22 19927146 0 22 19929130 21191 19207 65029 65029 19914447 19950446 104 0.0192308 NA 0.0501326
rs701428 rs887765 ENSG00000040608.9 ENSG00000040608.9 22 20228542 0 22 20234817 0 22 20270769 6275 42227 65043 65043 20228447 20273446 74 0.932432 NA 0.255707
rs5754100 rs72617216 ENSG00000206140.5 ENSG00000206140.5 22 21916166 0 22 21722525 0 22 21820712 193641 95454 65069 65069 21459447 21984446 387 0.661499 NA 0.0161317
rs5754102 rs72617216 ENSG00000206140.5 ENSG00000206140.5 22 21916272 0 22 21722525 0 22 21820712 193747 95560 65069 65069 21459447 21984446 387 0.335917 NA 0.0138374
rs131654 rs72617216 ENSG00000206140.5 ENSG00000206140.5 22 21917190 0 22 21722525 0 22 21820712 194665 96478 65069 65069 21459447 21984446 387 0.514212 NA 0.00177964
rs131656 rs72617216 ENSG00000206140.5 ENSG00000206140.5 22 21917450 0 22 21722525 0 22 21820712 194925 96738 65069 65069 21459447 21984446 387 0.638243 NA 0.00859757
rs5998509 rs72617216 ENSG00000206140.5 ENSG00000206140.5 22 21917479 0 22 21722525 0 22 21820712 194954 96767 65069 65069 21459447 21984446 387 0.635659 NA 0.00855993
rs131658 rs72617216 ENSG00000206140.5 ENSG00000206140.5 22 21917626 0 22 21722525 0 22 21820712 195101 96914 65069 65069 21459447 21984446 387 0.268734 NA 0.0211452
rs138665726 rs72617216 ENSG00000206140.5 ENSG00000206140.5 22 21917859 0 22 21722525 0 22 21820712 195334 97147 65069 65069 21459447 21984446 387 0.656331 NA 0.0144244
rs2266959 rs72617216 ENSG00000206140.5 ENSG00000206140.5 22 21922904 0 22 21722525 0 22 21820712 200379 102192 65069 65069 21459447 21984446 387 0.700258 NA 0.015116
rs2256609 rs72617216 ENSG00000206140.5 ENSG00000206140.5 22 21925017 0 22 21722525 0 22 21820712 202492 104305 65069 65069 21459447 21984446 387 0.700258 NA 0.015116
rs140496 rs72617216 ENSG00000206140.5 ENSG00000206140.5 22 21926456 0 22 21722525 0 22 21820712 203931 105744 65069 65069 21459447 21984446 387 0.739018 NA 0.011384
rs2266961 rs72617216 ENSG00000206140.5 ENSG00000206140.5 22 21928597 0 22 21722525 0 22 21820712 206072 107885 65069 65069 21459447 21984446 387 0.596899 NA 0.012204
rs181359 rs72617216 ENSG00000206140.5 ENSG00000206140.5 22 21928641 0 22 21722525 0 22 21820712 206116 107929 65069 65069 21459447 21984446 387 0.366925 NA 0.00429952
rs181360 rs72617216 ENSG00000206140.5 ENSG00000206140.5 22 21928916 0 22 21722525 0 22 21820712 206391 108204 65069 65069 21459447 21984446 387 0.366925 NA 0.00429952
rs181362 rs72617216 ENSG00000206140.5 ENSG00000206140.5 22 21932068 0 22 21722525 0 22 21820712 209543 111356 65069 65069 21459447 21984446 387 0.22739 NA 0.0224717
rs34977459 rs72617216 ENSG00000206140.5 ENSG00000206140.5 22 21932653 0 22 21722525 0 22 21820712 210128 111941 65069 65069 21459447 21984446 387 0.413437 NA 0.00155015
rs374588807 rs72617216 ENSG00000206140.5 ENSG00000206140.5 22 21938467 0 22 21722525 0 22 21820712 215942 117755 65069 65069 21459447 21984446 387 0.465116 NA 0.00175682
rs5754217 rs72617216 ENSG00000206140.5 ENSG00000206140.5 22 21939675 0 22 21722525 0 22 21820712 217150 118963 65069 65069 21459447 21984446 387 0.22739 NA 0.0224717
rs4820091 rs72617216 ENSG00000206140.5 ENSG00000206140.5 22 21940189 0 22 21722525 0 22 21820712 217664 119477 65069 65069 21459447 21984446 387 0.217054 NA 0.0239084
rs530685161 rs72617216 ENSG00000206140.5 ENSG00000206140.5 22 21952253 0 22 21722525 0 22 21820712 229728 131541 65069 65069 21459447 21984446 387 0.361757 NA 0.00472256
rs2283790 rs72617216 ENSG00000206140.5 ENSG00000206140.5 22 21956653 0 22 21722525 0 22 21820712 234128 135941 65069 65069 21459447 21984446 387 0.4677 NA 0.00482843
rs5754344 rs72617216 ENSG00000206140.5 ENSG00000206140.5 22 21963786 0 22 21722525 0 22 21820712 241261 143074 65069 65069 21459447 21984446 387 0.669251 NA 0.0128361
rs4821112 rs72617216 ENSG00000206140.5 ENSG00000206140.5 22 21964761 0 22 21722525 0 22 21820712 242236 144049 65069 65069 21459447 21984446 387 0.4677 NA 0.00482843
rs4821116 rs72617216 ENSG00000206140.5 ENSG00000206140.5 22 21973319 0 22 21722525 0 22 21820712 250794 152607 65069 65069 21459447 21984446 387 0.700258 NA 0.015116
rs7444 rs72617216 ENSG00000206140.5 ENSG00000206140.5 22 21976934 0 22 21722525 0 22 21820712 254409 156222 65069 65069 21459447 21984446 387 0.299742 NA 0.0339507
rs7445 rs72617216 ENSG00000206140.5 ENSG00000206140.5 22 21977047 0 22 21722525 0 22 21820712 254522 156335 65069 65069 21459447 21984446 387 0.341085 NA 0.00143779
rs11089637 rs72617216 ENSG00000206140.5 ENSG00000206140.5 22 21979096 0 22 21722525 0 22 21820712 256571 158384 65069 65069 21459447 21984446 387 0.51938 NA 0.0313638
rs4821124 rs72617216 ENSG00000206140.5 ENSG00000206140.5 22 21979289 0 22 21722525 0 22 21820712 256764 158577 65069 65069 21459447 21984446 387 0.622739 NA 0.00745247
rs2298428 rs72617216 ENSG00000206140.5 ENSG00000206140.5 22 21982892 0 22 21722525 0 22 21820712 260367 162180 65069 65069 21459447 21984446 387 0.666667 NA 0.0150626
rs3747093 rs72617216 ENSG00000206140.5 ENSG00000206140.5 22 21984379 0 22 21722525 0 22 21820712 261854 163667 65069 65069 21459447 21984446 387 0.209302 NA 0.0361716
rs4820539 rs2157709 ENSG00000100218.7 ENSG00000100218.7 22 23477970 0 22 23457420 0 22 23487208 20550 9238 65127 65127 23423447 23580446 384 0.880208 NA 0.708849
rs4820539 rs7289172 ENSG00000186716.14 ENSG00000186716.14 22 23477970 0 22 23519184 0 22 23521891 41214 43921 65127 65127 23423447 23580446 384 0.640625 NA 0.232613
rs9624326 rs35370296 ENSG00000099956.12 ENSG00000099956.12 22 24135043 0 22 24157537 0 22 24129150 22494 5893 65159 65159 24111447 24188446 158 0.21519 NA 0.0124493
rs9624327 rs35370296 ENSG00000099956.12 ENSG00000099956.12 22 24139274 0 22 24157537 0 22 24129150 18263 10124 65159 65159 24111447 24188446 158 0.21519 NA 0.0124493
rs12167679 rs35370296 ENSG00000099956.12 ENSG00000099956.12 22 24141690 0 22 24157537 0 22 24129150 15847 12540 65159 65159 24111447 24188446 158 0.291139 NA 0.0229637
rs34556611 rs35370296 ENSG00000099956.12 ENSG00000099956.12 22 24149549 0 22 24157537 0 22 24129150 7988 20399 65159 65159 24111447 24188446 158 0.21519 NA 0.0124493
rs5760054 rs35370296 ENSG00000099956.12 ENSG00000099956.12 22 24161717 0 22 24157537 0 22 24129150 4180 32567 65159 65159 24111447 24188446 158 0.797468 NA 0.575141
rs2186369 rs35370296 ENSG00000099956.12 ENSG00000099956.12 22 24170996 0 22 24157537 0 22 24129150 13459 41846 65159 65159 24111447 24188446 158 0.253165 NA 0.013392
rs5760061 rs35370296 ENSG00000099956.12 ENSG00000099956.12 22 24178279 0 22 24157537 0 22 24129150 20742 49129 65159 65159 24111447 24188446 158 0.797468 NA 0.575141
rs2330634 rs1006771 ENSG00000099974.7 ENSG00000099974.7 22 24250795 0 22 24314006 0 22 24309089 63211 58294 65163 65163 24242447 24404446 474 0.915612 NA 0.472097
rs5996631 rs1006771 ENSG00000099974.7 ENSG00000099974.7 22 24256894 0 22 24314006 0 22 24309089 57112 52195 65163 65163 24242447 24404446 474 0.689873 NA 0.279084
rs6003958 rs1006771 ENSG00000099974.7 ENSG00000099974.7 22 24264089 0 22 24314006 0 22 24309089 49917 45000 65163 65163 24242447 24404446 474 0.702532 NA 0.370173
rs6003982 rs1006771 ENSG00000099974.7 ENSG00000099974.7 22 24284825 0 22 24314006 0 22 24309089 29181 24264 65163 65163 24242447 24404446 474 0.578059 NA 0.16565
rs2739330 rs1006771 ENSG00000099974.7 ENSG00000099974.7 22 24295286 0 22 24314006 0 22 24309089 18720 13803 65163 65163 24242447 24404446 474 0.78481 NA 0.447101
rs2330634 rs5751776 ENSG00000099984.6 ENSG00000099984.6 22 24250795 0 22 24266954 0 22 24322339 16159 71544 65163 65163 24242447 24404446 474 0.945148 NA 0.838591
rs5996631 rs5751776 ENSG00000099984.6 ENSG00000099984.6 22 24256894 0 22 24266954 0 22 24322339 10060 65445 65163 65163 24242447 24404446 474 0.434599 NA 0.389533
rs6003958 rs5751776 ENSG00000099984.6 ENSG00000099984.6 22 24264089 0 22 24266954 0 22 24322339 2865 58250 65163 65163 24242447 24404446 474 0.320675 NA 0.245947
rs6003982 rs5751776 ENSG00000099984.6 ENSG00000099984.6 22 24284825 0 22 24266954 0 22 24322339 17871 37514 65163 65163 24242447 24404446 474 0.708861 NA 0.432339
rs2739330 rs5751776 ENSG00000099984.6 ENSG00000099984.6 22 24295286 0 22 24266954 0 22 24322339 28332 27053 65163 65163 24242447 24404446 474 0.974684 NA 0.858192
rs2330634 rs5751776 ENSG00000133433.6 ENSG00000133433.6 22 24250795 0 22 24266954 0 22 24303373 16159 52578 65163 65163 24242447 24404446 474 0.940928 NA 0.838591
rs5996631 rs5751776 ENSG00000133433.6 ENSG00000133433.6 22 24256894 0 22 24266954 0 22 24303373 10060 46479 65163 65163 24242447 24404446 474 0.436709 NA 0.389533
rs6003958 rs5751776 ENSG00000133433.6 ENSG00000133433.6 22 24264089 0 22 24266954 0 22 24303373 2865 39284 65163 65163 24242447 24404446 474 0.322785 NA 0.245947
rs6003982 rs5751776 ENSG00000133433.6 ENSG00000133433.6 22 24284825 0 22 24266954 0 22 24303373 17871 18548 65163 65163 24242447 24404446 474 0.706751 NA 0.432339
rs2739330 rs5751776 ENSG00000133433.6 ENSG00000133433.6 22 24295286 0 22 24266954 0 22 24303373 28332 8087 65163 65163 24242447 24404446 474 0.970464 NA 0.858192
rs2330634 rs114323341 ENSG00000184674.7 ENSG00000184674.7 22 24250795 0 22 24366843 0 22 24384680 116048 133885 65163 65163 24242447 24404446 474 0.700422 NA 0.361653
rs5996631 rs114323341 ENSG00000184674.7 ENSG00000184674.7 22 24256894 0 22 24366843 0 22 24384680 109949 127786 65163 65163 24242447 24404446 474 0.609705 NA 0.31672
rs6003958 rs114323341 ENSG00000184674.7 ENSG00000184674.7 22 24264089 0 22 24366843 0 22 24384680 102754 120591 65163 65163 24242447 24404446 474 0.597046 NA 0.260909
rs6003982 rs114323341 ENSG00000184674.7 ENSG00000184674.7 22 24284825 0 22 24366843 0 22 24384680 82018 99855 65163 65163 24242447 24404446 474 0.765823 NA 0.498759
rs2739330 rs114323341 ENSG00000184674.7 ENSG00000184674.7 22 24295286 0 22 24366843 0 22 24384680 71557 89394 65163 65163 24242447 24404446 474 0.943038 NA 0.531192
rs9306395 rs6004189 ENSG00000100031.14 ENSG00000100031.14 22 24986145 0 22 24986350 0 22 24979718 205 6427 65174 65174 24978447 24987446 8 0.875 NA 0.761863
rs4820599 rs199837761 ENSG00000178026.8 ENSG00000178026.8 22 24990213 0 22 24992953 0 22 24989175 2740 1038 65175 65175 24987447 25063446 227 0.629956 NA 0.267302
rs5751901 rs199837761 ENSG00000178026.8 ENSG00000178026.8 22 24992266 0 22 24992953 0 22 24989175 687 3091 65175 65175 24987447 25063446 227 0.854626 NA 0.545694
rs6004193 rs199837761 ENSG00000178026.8 ENSG00000178026.8 22 24994296 0 22 24992953 0 22 24989175 1343 5121 65175 65175 24987447 25063446 227 0.823789 NA 0.440718
rs5751902 rs199837761 ENSG00000178026.8 ENSG00000178026.8 22 24996630 0 22 24992953 0 22 24989175 3677 7455 65175 65175 24987447 25063446 227 0.431718 NA 0.189489
rs2073398 rs199837761 ENSG00000178026.8 ENSG00000178026.8 22 24999104 0 22 24992953 0 22 24989175 6151 9929 65175 65175 24987447 25063446 227 0.951542 NA 0.776159
rs2330809 rs199837761 ENSG00000178026.8 ENSG00000178026.8 22 25002081 0 22 24992953 0 22 24989175 9128 12906 65175 65175 24987447 25063446 227 0.599119 NA 0.38739
rs1930961 rs57438964 ENSG00000244752.2 ENSG00000244752.2 22 25875265 0 22 25852828 0 22 25615489 22437 259776 65211 65211 25846447 25930446 182 0.868132 NA 0.965419
rs2283831 rs11704297 ENSG00000128203.6 ENSG00000128203.6 22 26959826 0 22 26966018 0 22 26825239 6192 134587 65251 65251 26930447 26970446 118 0.779661 NA 0.316906
rs5762430 rs8142681 ENSG00000100154.10 ENSG00000100154.10 22 28378472 0 22 29014603 0 22 29075853 636131 697381 65339 65339 28238447 29088446 481 0.293139 NA 0.0121156
rs8135828 rs3842713 ENSG00000184117.7 ENSG00000184117.7 22 29929239 0 22 30073959 0 22 29977326 144720 48087 65359 65359 29906447 30106446 408 0.453431 NA 0.267622
rs141661483 rs3842713 ENSG00000184117.7 ENSG00000184117.7 22 29968262 0 22 30073959 0 22 29977326 105697 9064 65359 65359 29906447 30106446 408 0.365196 NA 0.190941
rs13055076 rs3842713 ENSG00000184117.7 ENSG00000184117.7 22 30069207 0 22 30073959 0 22 29977326 4752 91881 65359 65359 29906447 30106446 408 0.267157 NA 0.0807021
rs5753231 rs5753236 ENSG00000185339.4 ENSG00000185339.4 22 31003069 0 22 31009820 0 22 31002825 6751 244 65379 65379 30982447 31060446 224 0.34375 NA 0.317508
rs4820885 rs5753236 ENSG00000185339.4 ENSG00000185339.4 22 31012756 0 22 31009820 0 22 31002825 2936 9931 65379 65379 30982447 31060446 224 0.986607 NA 0.990863
rs2283873 rs5753236 ENSG00000185339.4 ENSG00000185339.4 22 31013296 0 22 31009820 0 22 31002825 3476 10471 65379 65379 30982447 31060446 224 0.267857 NA 0.0815381
rs4340628 rs5753236 ENSG00000185339.4 ENSG00000185339.4 22 31029199 0 22 31009820 0 22 31002825 19379 26374 65379 65379 30982447 31060446 224 0.553571 NA 0.251213
rs9917541 rs11703403 ENSG00000198832.6 ENSG00000198832.6 22 31529043 0 22 31507338 0 22 31516055 21705 12988 65387 65387 31445447 31531446 132 0.030303 NA 0.00602763
rs5756391 rs729749 ENSG00000100368.8 ENSG00000100368.8 22 37298344 0 22 37263846 0 22 37309670 34498 11326 65567 65567 37261501 37322500 167 0.526946 NA 0.208429
rs4821558 rs729749 ENSG00000100368.8 ENSG00000100368.8 22 37308785 0 22 37263846 0 22 37309670 44939 885 65567 65567 37261501 37322500 167 0.239521 NA 0.105609
rs2075726 rs729749 ENSG00000100368.8 ENSG00000100368.8 22 37310046 0 22 37263846 0 22 37309670 46200 376 65567 65567 37261501 37322500 167 0.287425 NA 0.1037
rs5750339 rs729749 ENSG00000100368.8 ENSG00000100368.8 22 37319589 0 22 37263846 0 22 37309670 55743 9919 65567 65567 37261501 37322500 167 0.646707 NA 0.189343
rs3218251 rs229484 ENSG00000100385.8 ENSG00000100385.8 22 37545505 0 22 37554839 0 22 37571094 9334 25589 65583 65583 37545501 37557500 16 0.5625 NA 0.569497
rs743777 rs229484 ENSG00000100385.8 ENSG00000100385.8 22 37551607 0 22 37554839 0 22 37571094 3232 19487 65583 65583 37545501 37557500 16 0.9375 NA 0.800647
rs229526 rs9622574 ENSG00000133466.9 ENSG00000133466.9 22 37581422 0 22 37610419 0 22 37595425 28997 14003 65587 65587 37571501 37612500 127 0.440945 NA 0.0998756
rs229527 rs9622574 ENSG00000133466.9 ENSG00000133466.9 22 37581485 0 22 37610419 0 22 37595425 28934 13940 65587 65587 37571501 37612500 127 0.19685 NA 0.285369
rs2160908 rs9622574 ENSG00000133466.9 ENSG00000133466.9 22 37586792 0 22 37610419 0 22 37595425 23627 8633 65587 65587 37571501 37612500 127 0.480315 NA 0.381078
rs229533 rs9622574 ENSG00000133466.9 ENSG00000133466.9 22 37587111 0 22 37610419 0 22 37595425 23308 8314 65587 65587 37571501 37612500 127 0.275591 NA 0.302903
rs229541 rs9622574 ENSG00000133466.9 ENSG00000133466.9 22 37591318 0 22 37610419 0 22 37595425 19101 4107 65587 65587 37571501 37612500 127 0.307087 NA 0.301547
rs229526 rs762921 ENSG00000183473.5 ENSG00000183473.5 22 37581422 0 22 37612042 0 22 37608362 30620 26940 65587 65587 37571501 37612500 127 0.472441 NA 0.292919
rs229527 rs762921 ENSG00000183473.5 ENSG00000183473.5 22 37581485 0 22 37612042 0 22 37608362 30557 26877 65587 65587 37571501 37612500 127 0.015748 NA 0.00582894
rs2160908 rs762921 ENSG00000183473.5 ENSG00000183473.5 22 37586792 0 22 37612042 0 22 37608362 25250 21570 65587 65587 37571501 37612500 127 0.740157 NA 0.234588
rs229533 rs762921 ENSG00000183473.5 ENSG00000183473.5 22 37587111 0 22 37612042 0 22 37608362 24931 21251 65587 65587 37571501 37612500 127 0.0629921 NA 0.00353808
rs229541 rs762921 ENSG00000183473.5 ENSG00000183473.5 22 37591318 0 22 37612042 0 22 37608362 20724 17044 65587 65587 37571501 37612500 127 0.0944882 NA 0.00343346
rs58389158 rs6000899 ENSG00000100116.11 ENSG00000100116.11 22 38128283 0 22 38203796 0 22 38203912 75513 75629 65607 65607 38102501 38446500 401 0.304239 NA 0.157937
rs4396807 rs6000899 ENSG00000100116.11 ENSG00000100116.11 22 38138379 0 22 38203796 0 22 38203912 65417 65533 65607 65607 38102501 38446500 401 0.683292 NA 0.44698
rs5756805 rs6000899 ENSG00000100116.11 ENSG00000100116.11 22 38144618 0 22 38203796 0 22 38203912 59178 59294 65607 65607 38102501 38446500 401 0.309227 NA 0.160425
rs1074407 rs6000899 ENSG00000100116.11 ENSG00000100116.11 22 38156183 0 22 38203796 0 22 38203912 47613 47729 65607 65607 38102501 38446500 401 0.61596 NA 0.373259
rs5756813 rs6000899 ENSG00000100116.11 ENSG00000100116.11 22 38175477 0 22 38203796 0 22 38203912 28319 28435 65607 65607 38102501 38446500 401 0.640898 NA 0.380358
rs4821712 rs6000899 ENSG00000100116.11 ENSG00000100116.11 22 38183847 0 22 38203796 0 22 38203912 19949 20065 65607 65607 38102501 38446500 401 0.718204 NA 0.584933
rs2284063 rs3041785 ENSG00000185022.7 ENSG00000185022.7 22 38544298 0 22 38597312 0 22 38597889 53014 53591 65613 65613 38510501 38612500 258 0.515504 NA 0.41793
rs6001027 rs3041785 ENSG00000185022.7 ENSG00000185022.7 22 38545619 0 22 38597312 0 22 38597889 51693 52270 65613 65613 38510501 38612500 258 0.503876 NA 0.413581
rs5756931 rs3041785 ENSG00000185022.7 ENSG00000185022.7 22 38546033 0 22 38597312 0 22 38597889 51279 51856 65613 65613 38510501 38612500 258 0.155039 NA 0.23351
rs738321 rs3041785 ENSG00000185022.7 ENSG00000185022.7 22 38568833 0 22 38597312 0 22 38597889 28479 29056 65613 65613 38510501 38612500 258 0.453488 NA 0.374167
rs738322 rs3041785 ENSG00000185022.7 ENSG00000185022.7 22 38569006 0 22 38597312 0 22 38597889 28306 28883 65613 65613 38510501 38612500 258 0.887597 NA 0.715248
rs4820318 rs3041785 ENSG00000185022.7 ENSG00000185022.7 22 38570313 0 22 38597312 0 22 38597889 26999 27576 65613 65613 38510501 38612500 258 0.468992 NA 0.397293
rs2277844 rs3041785 ENSG00000185022.7 ENSG00000185022.7 22 38577515 0 22 38597312 0 22 38597889 19797 20374 65613 65613 38510501 38612500 258 0.70155 NA 0.586158
rs3761445 rs3041785 ENSG00000185022.7 ENSG00000185022.7 22 38595411 0 22 38597312 0 22 38597889 1901 2478 65613 65613 38510501 38612500 258 0.682171 NA 0.571111
rs763121 rs55850024 ENSG00000100211.6 ENSG00000100211.6 22 38879940 0 22 39116391 0 22 39052641 236451 172701 65627 65627 38869501 39151500 340 0.3 NA 0.51611
rs5750673 rs55850024 ENSG00000100211.6 ENSG00000100211.6 22 39110124 0 22 39116391 0 22 39052641 6267 57483 65627 65627 38869501 39151500 340 0.994118 NA 0.884013
rs2076028 rs55850024 ENSG00000100211.6 ENSG00000100211.6 22 39150450 0 22 39116391 0 22 39052641 34059 97809 65627 65627 38869501 39151500 340 0.626471 NA 0.779942
rs139320 rs34074269 ENSG00000243811.2 ENSG00000243811.2 22 39501196 0 22 39420601 0 22 39410368 80595 90828 65639 65639 39412501 39517500 279 0.551971 NA 0.0510066
rs2143178 rs34698021 ENSG00000100311.12 ENSG00000100311.12 22 39660829 0 22 39663150 0 22 39640756 2321 20073 65647 65647 39660501 39757500 243 0.584362 NA 0.101512
rs968451 rs34698021 ENSG00000100311.12 ENSG00000100311.12 22 39670851 0 22 39663150 0 22 39640756 7701 30095 65647 65647 39660501 39757500 243 0.967078 NA 0.975388
rs137603 rs34698021 ENSG00000100311.12 ENSG00000100311.12 22 39694225 0 22 39663150 0 22 39640756 31075 53469 65647 65647 39660501 39757500 243 0.288066 NA 0.156802
rs12627970 rs34698021 ENSG00000100311.12 ENSG00000100311.12 22 39721745 0 22 39663150 0 22 39640756 58595 80989 65647 65647 39660501 39757500 243 0.831276 NA 0.775141
rs137686 rs34698021 ENSG00000100311.12 ENSG00000100311.12 22 39739638 0 22 39663150 0 22 39640756 76488 98882 65647 65647 39660501 39757500 243 0.600823 NA 0.0679534
rs2267407 rs34698021 ENSG00000100311.12 ENSG00000100311.12 22 39747050 0 22 39663150 0 22 39640756 83900 106294 65647 65647 39660501 39757500 243 0.786008 NA 0.628667
rs909685 rs34698021 ENSG00000100311.12 ENSG00000100311.12 22 39747671 0 22 39663150 0 22 39640756 84521 106915 65647 65647 39660501 39757500 243 0.72428 NA 0.23385
rs2069235 rs34698021 ENSG00000100311.12 ENSG00000100311.12 22 39747780 0 22 39663150 0 22 39640756 84630 107024 65647 65647 39660501 39757500 243 0.720165 NA 0.225445
rs137699 rs34698021 ENSG00000100311.12 ENSG00000100311.12 22 39748854 0 22 39663150 0 22 39640756 85704 108098 65647 65647 39660501 39757500 243 0.699588 NA 0.153943
rs2143178 rs909685 ENSG00000100321.10 ENSG00000100321.10 22 39660829 0 22 39747671 0 22 39745930 86842 85101 65647 65647 39660501 39757500 243 0.115226 NA 0.00925243
rs968451 rs909685 ENSG00000100321.10 ENSG00000100321.10 22 39670851 0 22 39747671 0 22 39745930 76820 75079 65647 65647 39660501 39757500 243 0.576132 NA 0.23002
rs137603 rs909685 ENSG00000100321.10 ENSG00000100321.10 22 39694225 0 22 39747671 0 22 39745930 53446 51705 65647 65647 39660501 39757500 243 0.62963 NA 0.251582
rs12627970 rs909685 ENSG00000100321.10 ENSG00000100321.10 22 39721745 0 22 39747671 0 22 39745930 25926 24185 65647 65647 39660501 39757500 243 0.847737 NA 0.269586
rs137686 rs909685 ENSG00000100321.10 ENSG00000100321.10 22 39739638 0 22 39747671 0 22 39745930 8033 6292 65647 65647 39660501 39757500 243 0.312757 NA 0.179169
rs2267407 rs909685 ENSG00000100321.10 ENSG00000100321.10 22 39747050 0 22 39747671 0 22 39745930 621 1120 65647 65647 39660501 39757500 243 0.962963 NA 0.362516
rs909685 rs909685 ENSG00000100321.10 ENSG00000100321.10 22 39747671 0 22 39747671 0 22 39745930 0 1741 65647 65647 39660501 39757500 243 1 1 1
rs2069235 rs909685 ENSG00000100321.10 ENSG00000100321.10 22 39747780 0 22 39747671 0 22 39745930 109 1850 65647 65647 39660501 39757500 243 0.995885 NA 0.974451
rs137699 rs909685 ENSG00000100321.10 ENSG00000100321.10 22 39748854 0 22 39747671 0 22 39745930 1183 2924 65647 65647 39660501 39757500 243 0.119342 NA 0.00677772
rs4821995 rs4820438 ENSG00000100413.12 ENSG00000100413.12 22 41461836 0 22 41767135 0 22 41940610 305299 478774 65675 65675 41214501 41955500 1020 0.140196 NA 0.00497689
rs9623320 rs4820438 ENSG00000100413.12 ENSG00000100413.12 22 41478482 0 22 41767135 0 22 41940610 288653 462128 65675 65675 41214501 41955500 1020 0.666667 NA 0.171221
rs9607782 rs4820438 ENSG00000100413.12 ENSG00000100413.12 22 41587556 0 22 41767135 0 22 41940610 179579 353054 65675 65675 41214501 41955500 1020 0.526471 NA 0.113088
rs9611519 rs4820438 ENSG00000100413.12 ENSG00000100413.12 22 41613188 0 22 41767135 0 22 41940610 153947 327422 65675 65675 41214501 41955500 1020 0.646078 NA 0.170024
rs2273085 rs4820438 ENSG00000100413.12 ENSG00000100413.12 22 41615376 0 22 41767135 0 22 41940610 151759 325234 65675 65675 41214501 41955500 1020 0.577451 NA 0.147707
rs5758265 rs4820438 ENSG00000100413.12 ENSG00000100413.12 22 41617897 0 22 41767135 0 22 41940610 149238 322713 65675 65675 41214501 41955500 1020 0.564706 NA 0.145075
rs2179744 rs4820438 ENSG00000100413.12 ENSG00000100413.12 22 41621714 0 22 41767135 0 22 41940610 145421 318896 65675 65675 41214501 41955500 1020 0.553922 NA 0.141675
rs2235852 rs4820438 ENSG00000100413.12 ENSG00000100413.12 22 41661154 0 22 41767135 0 22 41940610 105981 279456 65675 65675 41214501 41955500 1020 0.685294 NA 0.265555
rs6002333 rs4820438 ENSG00000100413.12 ENSG00000100413.12 22 41719469 0 22 41767135 0 22 41940610 47666 221141 65675 65675 41214501 41955500 1020 0.860784 NA 0.547123
rs5758297 rs4820438 ENSG00000100413.12 ENSG00000100413.12 22 41720697 0 22 41767135 0 22 41940610 46438 219913 65675 65675 41214501 41955500 1020 0.740196 NA 0.527855
rs5751077 rs4820438 ENSG00000100413.12 ENSG00000100413.12 22 41720728 0 22 41767135 0 22 41940610 46407 219882 65675 65675 41214501 41955500 1020 0.740196 NA 0.527855
rs11090045 rs4820438 ENSG00000100413.12 ENSG00000100413.12 22 41753603 0 22 41767135 0 22 41940610 13532 187007 65675 65675 41214501 41955500 1020 0.715686 NA 0.278643
rs4822024 rs4820438 ENSG00000100413.12 ENSG00000100413.12 22 41757647 0 22 41767135 0 22 41940610 9488 182963 65675 65675 41214501 41955500 1020 0.994118 NA 0.700981
rs9611565 rs4820438 ENSG00000100413.12 ENSG00000100413.12 22 41767486 0 22 41767135 0 22 41940610 351 173124 65675 65675 41214501 41955500 1020 0.99902 NA 0.948057
rs2234052 rs4820438 ENSG00000100413.12 ENSG00000100413.12 22 41777241 0 22 41767135 0 22 41940610 10106 163369 65675 65675 41214501 41955500 1020 0.97451 NA 0.512233
rs2073167 rs4820438 ENSG00000100413.12 ENSG00000100413.12 22 41791536 0 22 41767135 0 22 41940610 24401 149074 65675 65675 41214501 41955500 1020 0.445098 NA 0.175088
rs5758343 rs4820438 ENSG00000100413.12 ENSG00000100413.12 22 41816652 0 22 41767135 0 22 41940610 49517 123958 65675 65675 41214501 41955500 1020 0.920588 NA 0.50312
rs202629 rs4820438 ENSG00000100413.12 ENSG00000100413.12 22 41849975 0 22 41767135 0 22 41940610 82840 90635 65675 65675 41214501 41955500 1020 0.768627 NA 0.460368
rs9607805 rs4820438 ENSG00000100413.12 ENSG00000100413.12 22 41854446 0 22 41767135 0 22 41940610 87311 86164 65675 65675 41214501 41955500 1020 0.727451 NA 0.372113
rs727563 rs4820438 ENSG00000100413.12 ENSG00000100413.12 22 41867377 0 22 41767135 0 22 41940610 100242 73233 65675 65675 41214501 41955500 1020 0.776471 NA 0.488596
rs4821995 rs9607799 ENSG00000167074.9 ENSG00000167074.9 22 41461836 0 22 41777558 0 22 41763337 315722 301501 65675 65675 41214501 41955500 1020 0.331373 NA 0.0932231
rs9623320 rs9607799 ENSG00000167074.9 ENSG00000167074.9 22 41478482 0 22 41777558 0 22 41763337 299076 284855 65675 65675 41214501 41955500 1020 0.629412 NA 0.328732
rs9607782 rs9607799 ENSG00000167074.9 ENSG00000167074.9 22 41587556 0 22 41777558 0 22 41763337 190002 175781 65675 65675 41214501 41955500 1020 0.556863 NA 0.19109
rs9611519 rs9607799 ENSG00000167074.9 ENSG00000167074.9 22 41613188 0 22 41777558 0 22 41763337 164370 150149 65675 65675 41214501 41955500 1020 0.642157 NA 0.356896
rs2273085 rs9607799 ENSG00000167074.9 ENSG00000167074.9 22 41615376 0 22 41777558 0 22 41763337 162182 147961 65675 65675 41214501 41955500 1020 0.615686 NA 0.287413
rs5758265 rs9607799 ENSG00000167074.9 ENSG00000167074.9 22 41617897 0 22 41777558 0 22 41763337 159661 145440 65675 65675 41214501 41955500 1020 0.589216 NA 0.222389
rs2179744 rs9607799 ENSG00000167074.9 ENSG00000167074.9 22 41621714 0 22 41777558 0 22 41763337 155844 141623 65675 65675 41214501 41955500 1020 0.605882 NA 0.277023
rs2235852 rs9607799 ENSG00000167074.9 ENSG00000167074.9 22 41661154 0 22 41777558 0 22 41763337 116404 102183 65675 65675 41214501 41955500 1020 0.726471 NA 0.424668
rs6002333 rs9607799 ENSG00000167074.9 ENSG00000167074.9 22 41719469 0 22 41777558 0 22 41763337 58089 43868 65675 65675 41214501 41955500 1020 0.796078 NA 0.705995
rs5758297 rs9607799 ENSG00000167074.9 ENSG00000167074.9 22 41720697 0 22 41777558 0 22 41763337 56861 42640 65675 65675 41214501 41955500 1020 0.70098 NA 0.343948
rs5751077 rs9607799 ENSG00000167074.9 ENSG00000167074.9 22 41720728 0 22 41777558 0 22 41763337 56830 42609 65675 65675 41214501 41955500 1020 0.70098 NA 0.343948
rs11090045 rs9607799 ENSG00000167074.9 ENSG00000167074.9 22 41753603 0 22 41777558 0 22 41763337 23955 9734 65675 65675 41214501 41955500 1020 0.773529 NA 0.499922
rs4822024 rs9607799 ENSG00000167074.9 ENSG00000167074.9 22 41757647 0 22 41777558 0 22 41763337 19911 5690 65675 65675 41214501 41955500 1020 0.851961 NA 0.723
rs9611565 rs9607799 ENSG00000167074.9 ENSG00000167074.9 22 41767486 0 22 41777558 0 22 41763337 10072 4149 65675 65675 41214501 41955500 1020 0.781373 NA 0.493513
rs2234052 rs9607799 ENSG00000167074.9 ENSG00000167074.9 22 41777241 0 22 41777558 0 22 41763337 317 13904 65675 65675 41214501 41955500 1020 0.99902 NA 0.993892
rs2073167 rs9607799 ENSG00000167074.9 ENSG00000167074.9 22 41791536 0 22 41777558 0 22 41763337 13978 28199 65675 65675 41214501 41955500 1020 0.519608 NA 0.1218
rs5758343 rs9607799 ENSG00000167074.9 ENSG00000167074.9 22 41816652 0 22 41777558 0 22 41763337 39094 53315 65675 65675 41214501 41955500 1020 0.961765 NA 0.819262
rs202629 rs9607799 ENSG00000167074.9 ENSG00000167074.9 22 41849975 0 22 41777558 0 22 41763337 72417 86638 65675 65675 41214501 41955500 1020 0.840196 NA 0.687821
rs9607805 rs9607799 ENSG00000167074.9 ENSG00000167074.9 22 41854446 0 22 41777558 0 22 41763337 76888 91109 65675 65675 41214501 41955500 1020 0.612745 NA 0.266363
rs727563 rs9607799 ENSG00000167074.9 ENSG00000167074.9 22 41867377 0 22 41777558 0 22 41763337 89819 104040 65675 65675 41214501 41955500 1020 0.703922 NA 0.317195
rs4821995 rs202638 ENSG00000167077.7 ENSG00000167077.7 22 41461836 0 22 41855458 0 22 42095503 393622 633667 65675 65675 41214501 41955500 1020 0.220588 NA 0.025522
rs9623320 rs202638 ENSG00000167077.7 ENSG00000167077.7 22 41478482 0 22 41855458 0 22 42095503 376976 617021 65675 65675 41214501 41955500 1020 0.648039 NA 0.224177
rs9607782 rs202638 ENSG00000167077.7 ENSG00000167077.7 22 41587556 0 22 41855458 0 22 42095503 267902 507947 65675 65675 41214501 41955500 1020 0.5 NA 0.118441
rs9611519 rs202638 ENSG00000167077.7 ENSG00000167077.7 22 41613188 0 22 41855458 0 22 42095503 242270 482315 65675 65675 41214501 41955500 1020 0.697059 NA 0.237577
rs2273085 rs202638 ENSG00000167077.7 ENSG00000167077.7 22 41615376 0 22 41855458 0 22 42095503 240082 480127 65675 65675 41214501 41955500 1020 0.782353 NA 0.290007
rs5758265 rs202638 ENSG00000167077.7 ENSG00000167077.7 22 41617897 0 22 41855458 0 22 42095503 237561 477606 65675 65675 41214501 41955500 1020 0.702941 NA 0.268298
rs2179744 rs202638 ENSG00000167077.7 ENSG00000167077.7 22 41621714 0 22 41855458 0 22 42095503 233744 473789 65675 65675 41214501 41955500 1020 0.773529 NA 0.280223
rs2235852 rs202638 ENSG00000167077.7 ENSG00000167077.7 22 41661154 0 22 41855458 0 22 42095503 194304 434349 65675 65675 41214501 41955500 1020 0.739216 NA 0.376705
rs6002333 rs202638 ENSG00000167077.7 ENSG00000167077.7 22 41719469 0 22 41855458 0 22 42095503 135989 376034 65675 65675 41214501 41955500 1020 0.801961 NA 0.532648
rs5758297 rs202638 ENSG00000167077.7 ENSG00000167077.7 22 41720697 0 22 41855458 0 22 42095503 134761 374806 65675 65675 41214501 41955500 1020 0.747059 NA 0.456434
rs5751077 rs202638 ENSG00000167077.7 ENSG00000167077.7 22 41720728 0 22 41855458 0 22 42095503 134730 374775 65675 65675 41214501 41955500 1020 0.747059 NA 0.456434
rs11090045 rs202638 ENSG00000167077.7 ENSG00000167077.7 22 41753603 0 22 41855458 0 22 42095503 101855 341900 65675 65675 41214501 41955500 1020 0.737255 NA 0.322842
rs4822024 rs202638 ENSG00000167077.7 ENSG00000167077.7 22 41757647 0 22 41855458 0 22 42095503 97811 337856 65675 65675 41214501 41955500 1020 0.935294 NA 0.654351
rs9611565 rs202638 ENSG00000167077.7 ENSG00000167077.7 22 41767486 0 22 41855458 0 22 42095503 87972 328017 65675 65675 41214501 41955500 1020 0.738235 NA 0.499891
rs2234052 rs202638 ENSG00000167077.7 ENSG00000167077.7 22 41777241 0 22 41855458 0 22 42095503 78217 318262 65675 65675 41214501 41955500 1020 0.85098 NA 0.543369
rs2073167 rs202638 ENSG00000167077.7 ENSG00000167077.7 22 41791536 0 22 41855458 0 22 42095503 63922 303967 65675 65675 41214501 41955500 1020 0.578431 NA 0.200545
rs5758343 rs202638 ENSG00000167077.7 ENSG00000167077.7 22 41816652 0 22 41855458 0 22 42095503 38806 278851 65675 65675 41214501 41955500 1020 0.967647 NA 0.680668
rs202629 rs202638 ENSG00000167077.7 ENSG00000167077.7 22 41849975 0 22 41855458 0 22 42095503 5483 245528 65675 65675 41214501 41955500 1020 0.826471 NA 0.598302
rs9607805 rs202638 ENSG00000167077.7 ENSG00000167077.7 22 41854446 0 22 41855458 0 22 42095503 1012 241057 65675 65675 41214501 41955500 1020 0.665686 NA 0.373418
rs727563 rs202638 ENSG00000167077.7 ENSG00000167077.7 22 41867377 0 22 41855458 0 22 42095503 11919 228126 65675 65675 41214501 41955500 1020 0.67451 NA 0.487177
rs4821995 rs103197 ENSG00000172404.4 ENSG00000172404.4 22 41461836 0 22 41256802 0 22 41258130 205034 203706 65675 65675 41214501 41955500 1020 0.343137 NA 0.0669397
rs9623320 rs103197 ENSG00000172404.4 ENSG00000172404.4 22 41478482 0 22 41256802 0 22 41258130 221680 220352 65675 65675 41214501 41955500 1020 0.745098 NA 0.0540793
rs9607782 rs103197 ENSG00000172404.4 ENSG00000172404.4 22 41587556 0 22 41256802 0 22 41258130 330754 329426 65675 65675 41214501 41955500 1020 0.84902 NA 0.0926755
rs9611519 rs103197 ENSG00000172404.4 ENSG00000172404.4 22 41613188 0 22 41256802 0 22 41258130 356386 355058 65675 65675 41214501 41955500 1020 0.663725 NA 0.0413219
rs2273085 rs103197 ENSG00000172404.4 ENSG00000172404.4 22 41615376 0 22 41256802 0 22 41258130 358574 357246 65675 65675 41214501 41955500 1020 0.814706 NA 0.0886102
rs5758265 rs103197 ENSG00000172404.4 ENSG00000172404.4 22 41617897 0 22 41256802 0 22 41258130 361095 359767 65675 65675 41214501 41955500 1020 0.841176 NA 0.121256
rs2179744 rs103197 ENSG00000172404.4 ENSG00000172404.4 22 41621714 0 22 41256802 0 22 41258130 364912 363584 65675 65675 41214501 41955500 1020 0.807843 NA 0.0852449
rs2235852 rs103197 ENSG00000172404.4 ENSG00000172404.4 22 41661154 0 22 41256802 0 22 41258130 404352 403024 65675 65675 41214501 41955500 1020 0.70098 NA 0.048851
rs6002333 rs103197 ENSG00000172404.4 ENSG00000172404.4 22 41719469 0 22 41256802 0 22 41258130 462667 461339 65675 65675 41214501 41955500 1020 0.328431 NA 0.00713232
rs5758297 rs103197 ENSG00000172404.4 ENSG00000172404.4 22 41720697 0 22 41256802 0 22 41258130 463895 462567 65675 65675 41214501 41955500 1020 0.751961 NA 0.140786
rs5751077 rs103197 ENSG00000172404.4 ENSG00000172404.4 22 41720728 0 22 41256802 0 22 41258130 463926 462598 65675 65675 41214501 41955500 1020 0.751961 NA 0.140786
rs11090045 rs103197 ENSG00000172404.4 ENSG00000172404.4 22 41753603 0 22 41256802 0 22 41258130 496801 495473 65675 65675 41214501 41955500 1020 0.269608 NA 0.00527594
rs4822024 rs103197 ENSG00000172404.4 ENSG00000172404.4 22 41757647 0 22 41256802 0 22 41258130 500845 499517 65675 65675 41214501 41955500 1020 0.35 NA 0.00918229
rs9611565 rs103197 ENSG00000172404.4 ENSG00000172404.4 22 41767486 0 22 41256802 0 22 41258130 510684 509356 65675 65675 41214501 41955500 1020 0.652941 NA 0.0577999
rs2234052 rs103197 ENSG00000172404.4 ENSG00000172404.4 22 41777241 0 22 41256802 0 22 41258130 520439 519111 65675 65675 41214501 41955500 1020 0.384314 NA 0.0127877
rs2073167 rs103197 ENSG00000172404.4 ENSG00000172404.4 22 41791536 0 22 41256802 0 22 41258130 534734 533406 65675 65675 41214501 41955500 1020 0.0578431 NA 0.0327884
rs5758343 rs103197 ENSG00000172404.4 ENSG00000172404.4 22 41816652 0 22 41256802 0 22 41258130 559850 558522 65675 65675 41214501 41955500 1020 0.241176 NA 0.00382178
rs202629 rs103197 ENSG00000172404.4 ENSG00000172404.4 22 41849975 0 22 41256802 0 22 41258130 593173 591845 65675 65675 41214501 41955500 1020 0.591176 NA 0.0524517
rs9607805 rs103197 ENSG00000172404.4 ENSG00000172404.4 22 41854446 0 22 41256802 0 22 41258130 597644 596316 65675 65675 41214501 41955500 1020 0.852941 NA 0.184253
rs727563 rs103197 ENSG00000172404.4 ENSG00000172404.4 22 41867377 0 22 41256802 0 22 41258130 610575 609247 65675 65675 41214501 41955500 1020 0.716667 NA 0.15776
rs4822044 rs62239561 ENSG00000100147.8 ENSG00000100147.8 22 41979668 0 22 42120864 0 22 42196683 141196 217015 65677 65677 41959501 42285500 518 0.335907 NA 0.0694464
rs28741121 rs62239561 ENSG00000100147.8 ENSG00000100147.8 22 42025823 0 22 42120864 0 22 42196683 95041 170860 65677 65677 41959501 42285500 518 0.835907 NA 0.324347
rs5751150 rs62239561 ENSG00000100147.8 ENSG00000100147.8 22 42153292 0 22 42120864 0 22 42196683 32428 43391 65677 65677 41959501 42285500 518 0.449807 NA 0.0727164
rs139568 rs62239561 ENSG00000100147.8 ENSG00000100147.8 22 42210985 0 22 42120864 0 22 42196683 90121 14302 65677 65677 41959501 42285500 518 0.177606 NA 0.118817
rs7364180 rs62239561 ENSG00000100147.8 ENSG00000100147.8 22 42218856 0 22 42120864 0 22 42196683 97992 22173 65677 65677 41959501 42285500 518 0.0945946 NA 0.0376524
rs719440 rs62239561 ENSG00000100147.8 ENSG00000100147.8 22 42251810 0 22 42120864 0 22 42196683 130946 55127 65677 65677 41959501 42285500 518 0.812741 NA 0.105206
rs2267442 rs62239561 ENSG00000100147.8 ENSG00000100147.8 22 42280361 0 22 42120864 0 22 42196683 159497 83678 65677 65677 41959501 42285500 518 0.839768 NA 0.177361
rs4822044 rs5758406 ENSG00000100417.7 ENSG00000100417.7 22 41979668 0 22 42076641 0 22 41985894 96973 6226 65677 65677 41959501 42285500 518 0.942085 NA 0.825422
rs28741121 rs5758406 ENSG00000100417.7 ENSG00000100417.7 22 42025823 0 22 42076641 0 22 41985894 50818 39929 65677 65677 41959501 42285500 518 0.243243 NA 0.0360453
rs5751150 rs5758406 ENSG00000100417.7 ENSG00000100417.7 22 42153292 0 22 42076641 0 22 41985894 76651 167398 65677 65677 41959501 42285500 518 0.722008 NA 0.818468
rs139568 rs5758406 ENSG00000100417.7 ENSG00000100417.7 22 42210985 0 22 42076641 0 22 41985894 134344 225091 65677 65677 41959501 42285500 518 0.438224 NA 0.229153
rs7364180 rs5758406 ENSG00000100417.7 ENSG00000100417.7 22 42218856 0 22 42076641 0 22 41985894 142215 232962 65677 65677 41959501 42285500 518 0.247104 NA 0.0364236
rs719440 rs5758406 ENSG00000100417.7 ENSG00000100417.7 22 42251810 0 22 42076641 0 22 41985894 175169 265916 65677 65677 41959501 42285500 518 0.160232 NA 0.00431967
rs2267442 rs5758406 ENSG00000100417.7 ENSG00000100417.7 22 42280361 0 22 42076641 0 22 41985894 203720 294467 65677 65677 41959501 42285500 518 0.407336 NA 0.115643
rs4822044 rs34077262 ENSG00000184208.10 ENSG00000184208.10 22 41979668 0 22 42061639 0 22 42084943 81971 105275 65677 65677 41959501 42285500 518 0.704633 NA 0.591498
rs28741121 rs34077262 ENSG00000184208.10 ENSG00000184208.10 22 42025823 0 22 42061639 0 22 42084943 35816 59120 65677 65677 41959501 42285500 518 0.167954 NA 0.0652172
rs5751150 rs34077262 ENSG00000184208.10 ENSG00000184208.10 22 42153292 0 22 42061639 0 22 42084943 91653 68349 65677 65677 41959501 42285500 518 0.872587 NA 0.595216
rs139568 rs34077262 ENSG00000184208.10 ENSG00000184208.10 22 42210985 0 22 42061639 0 22 42084943 149346 126042 65677 65677 41959501 42285500 518 0.449807 NA 0.37407
rs7364180 rs34077262 ENSG00000184208.10 ENSG00000184208.10 22 42218856 0 22 42061639 0 22 42084943 157217 133913 65677 65677 41959501 42285500 518 0.204633 NA 0.0720838
rs719440 rs34077262 ENSG00000184208.10 ENSG00000184208.10 22 42251810 0 22 42061639 0 22 42084943 190171 166867 65677 65677 41959501 42285500 518 0.0250965 NA 0.00440572
rs2267442 rs34077262 ENSG00000184208.10 ENSG00000184208.10 22 42280361 0 22 42061639 0 22 42084943 218722 195418 65677 65677 41959501 42285500 518 0.272201 NA 0.0569051
rs5758511 rs5996087 ENSG00000260655.1 ENSG00000260655.1 22 42336172 0 22 42321591 0 22 42319104 14581 17068 65679 65679 42289501 42341500 74 0.202703 NA 0.0525118
rs1023500 rs5996087 ENSG00000260655.1 ENSG00000260655.1 22 42340844 0 22 42321591 0 22 42319104 19253 21740 65679 65679 42289501 42341500 74 0.689189 NA 0.45317
rs5751191 rs570749952 ENSG00000100197.15 ENSG00000100197.15 22 42370991 0 22 42584299 0 22 42540472 213308 169481 65681 65681 42345501 42687502 682 0.48827 NA 0.120216
rs1062753 rs570749952 ENSG00000100197.15 ENSG00000100197.15 22 42392811 0 22 42584299 0 22 42540472 191488 147661 65681 65681 42345501 42687502 682 0.0821114 NA 0.0330652
rs9607868 rs570749952 ENSG00000100197.15 ENSG00000100197.15 22 42414181 0 22 42584299 0 22 42540472 170118 126291 65681 65681 42345501 42687502 682 0.145161 NA 0.0327823
rs133383 rs570749952 ENSG00000100197.15 ENSG00000100197.15 22 42473603 0 22 42584299 0 22 42540472 110696 66869 65681 65681 42345501 42687502 682 0.492669 NA 0.126158
rs1065852 rs570749952 ENSG00000100197.15 ENSG00000100197.15 22 42526694 0 22 42584299 0 22 42540472 57605 13778 65681 65681 42345501 42687502 682 0.164223 NA 0.0257583
rs36093924 rs570749952 ENSG00000100197.15 ENSG00000100197.15 22 42538399 0 22 42584299 0 22 42540472 45900 2073 65681 65681 42345501 42687502 682 0.605572 NA 0.171737
rs2743461 rs570749952 ENSG00000100197.15 ENSG00000100197.15 22 42540551 0 22 42584299 0 22 42540472 43748 79 65681 65681 42345501 42687502 682 0.51173 NA 0.142103
rs2142694 rs570749952 ENSG00000100197.15 ENSG00000100197.15 22 42542870 0 22 42584299 0 22 42540472 41429 2398 65681 65681 42345501 42687502 682 0.599707 NA 0.164075
rs760648 rs570749952 ENSG00000100197.15 ENSG00000100197.15 22 42571028 0 22 42584299 0 22 42540472 13271 30556 65681 65681 42345501 42687502 682 0.392962 NA 0.149082
rs6002655 rs570749952 ENSG00000100197.15 ENSG00000100197.15 22 42603814 0 22 42584299 0 22 42540472 19515 63342 65681 65681 42345501 42687502 682 0.44868 NA 0.188194
rs5758659 rs570749952 ENSG00000100197.15 ENSG00000100197.15 22 42622003 0 22 42584299 0 22 42540472 37704 81531 65681 65681 42345501 42687502 682 0.61437 NA 0.196998
rs134871 rs570749952 ENSG00000100197.15 ENSG00000100197.15 22 42652716 0 22 42584299 0 22 42540472 68417 112244 65681 65681 42345501 42687502 682 0.815249 NA 0.270698
rs134882 rs570749952 ENSG00000100197.15 ENSG00000100197.15 22 42670965 0 22 42584299 0 22 42540472 86666 130493 65681 65681 42345501 42687502 682 0.623167 NA 0.19192
rs5751191 rs9611710 ENSG00000183066.10 ENSG00000183066.10 22 42370991 0 22 42409977 0 22 42394729 38986 23738 65681 65681 42345501 42687502 682 0.445748 NA 0.298497
rs1062753 rs9611710 ENSG00000183066.10 ENSG00000183066.10 22 42392811 0 22 42409977 0 22 42394729 17166 1918 65681 65681 42345501 42687502 682 0.98827 NA 0.97976
rs9607868 rs9611710 ENSG00000183066.10 ENSG00000183066.10 22 42414181 0 22 42409977 0 22 42394729 4204 19452 65681 65681 42345501 42687502 682 0.986804 NA 0.980088
rs133383 rs9611710 ENSG00000183066.10 ENSG00000183066.10 22 42473603 0 22 42409977 0 22 42394729 63626 78874 65681 65681 42345501 42687502 682 0.617302 NA 0.271119
rs1065852 rs9611710 ENSG00000183066.10 ENSG00000183066.10 22 42526694 0 22 42409977 0 22 42394729 116717 131965 65681 65681 42345501 42687502 682 0.900293 NA 0.499931
rs36093924 rs9611710 ENSG00000183066.10 ENSG00000183066.10 22 42538399 0 22 42409977 0 22 42394729 128422 143670 65681 65681 42345501 42687502 682 0.673021 NA 0.231687
rs2743461 rs9611710 ENSG00000183066.10 ENSG00000183066.10 22 42540551 0 22 42409977 0 22 42394729 130574 145822 65681 65681 42345501 42687502 682 0.392962 NA 0.186347
rs2142694 rs9611710 ENSG00000183066.10 ENSG00000183066.10 22 42542870 0 22 42409977 0 22 42394729 132893 148141 65681 65681 42345501 42687502 682 0.502933 NA 0.20213
rs760648 rs9611710 ENSG00000183066.10 ENSG00000183066.10 22 42571028 0 22 42409977 0 22 42394729 161051 176299 65681 65681 42345501 42687502 682 0.41349 NA 0.199763
rs6002655 rs9611710 ENSG00000183066.10 ENSG00000183066.10 22 42603814 0 22 42409977 0 22 42394729 193837 209085 65681 65681 42345501 42687502 682 0.382698 NA 0.10413
rs5758659 rs9611710 ENSG00000183066.10 ENSG00000183066.10 22 42622003 0 22 42409977 0 22 42394729 212026 227274 65681 65681 42345501 42687502 682 0.454545 NA 0.191758
rs134871 rs9611710 ENSG00000183066.10 ENSG00000183066.10 22 42652716 0 22 42409977 0 22 42394729 242739 257987 65681 65681 42345501 42687502 682 0.558651 NA 0.127269
rs134882 rs9611710 ENSG00000183066.10 ENSG00000183066.10 22 42670965 0 22 42409977 0 22 42394729 260988 276236 65681 65681 42345501 42687502 682 0.48827 NA 0.195382
rs5751191 rs133369 ENSG00000183172.6 ENSG00000183172.6 22 42370991 0 22 42463814 0 22 42475695 92823 104704 65681 65681 42345501 42687502 682 0.527859 NA 0.301647
rs1062753 rs133369 ENSG00000183172.6 ENSG00000183172.6 22 42392811 0 22 42463814 0 22 42475695 71003 82884 65681 65681 42345501 42687502 682 0.0967742 NA 0.01191
rs9607868 rs133369 ENSG00000183172.6 ENSG00000183172.6 22 42414181 0 22 42463814 0 22 42475695 49633 61514 65681 65681 42345501 42687502 682 0.0747801 NA 0.0103122
rs133383 rs133369 ENSG00000183172.6 ENSG00000183172.6 22 42473603 0 22 42463814 0 22 42475695 9789 2092 65681 65681 42345501 42687502 682 0.492669 NA 0.3146
rs1065852 rs133369 ENSG00000183172.6 ENSG00000183172.6 22 42526694 0 22 42463814 0 22 42475695 62880 50999 65681 65681 42345501 42687502 682 0.348974 NA 0.0956376
rs36093924 rs133369 ENSG00000183172.6 ENSG00000183172.6 22 42538399 0 22 42463814 0 22 42475695 74585 62704 65681 65681 42345501 42687502 682 0.458944 NA 0.280849
rs2743461 rs133369 ENSG00000183172.6 ENSG00000183172.6 22 42540551 0 22 42463814 0 22 42475695 76737 64856 65681 65681 42345501 42687502 682 0.570381 NA 0.338692
rs2142694 rs133369 ENSG00000183172.6 ENSG00000183172.6 22 42542870 0 22 42463814 0 22 42475695 79056 67175 65681 65681 42345501 42687502 682 0.590909 NA 0.381764
rs760648 rs133369 ENSG00000183172.6 ENSG00000183172.6 22 42571028 0 22 42463814 0 22 42475695 107214 95333 65681 65681 42345501 42687502 682 0.508798 NA 0.279295
rs6002655 rs133369 ENSG00000183172.6 ENSG00000183172.6 22 42603814 0 22 42463814 0 22 42475695 140000 128119 65681 65681 42345501 42687502 682 0.398827 NA 0.162613
rs5758659 rs133369 ENSG00000183172.6 ENSG00000183172.6 22 42622003 0 22 42463814 0 22 42475695 158189 146308 65681 65681 42345501 42687502 682 0.447214 NA 0.255572
rs134871 rs133369 ENSG00000183172.6 ENSG00000183172.6 22 42652716 0 22 42463814 0 22 42475695 188902 177021 65681 65681 42345501 42687502 682 0.381232 NA 0.155439
rs134882 rs133369 ENSG00000183172.6 ENSG00000183172.6 22 42670965 0 22 42463814 0 22 42475695 207151 195270 65681 65681 42345501 42687502 682 0.426686 NA 0.246735
rs5751191 rs133345 ENSG00000184983.4 ENSG00000184983.4 22 42370991 0 22 42420807 0 22 42486959 49816 115968 65681 65681 42345501 42687502 682 0.504399 NA 0.24171
rs1062753 rs133345 ENSG00000184983.4 ENSG00000184983.4 22 42392811 0 22 42420807 0 22 42486959 27996 94148 65681 65681 42345501 42687502 682 0.184751 NA 0.016724
rs9607868 rs133345 ENSG00000184983.4 ENSG00000184983.4 22 42414181 0 22 42420807 0 22 42486959 6626 72778 65681 65681 42345501 42687502 682 0.164223 NA 0.0161332
rs133383 rs133345 ENSG00000184983.4 ENSG00000184983.4 22 42473603 0 22 42420807 0 22 42486959 52796 13356 65681 65681 42345501 42687502 682 0.536657 NA 0.275755
rs1065852 rs133345 ENSG00000184983.4 ENSG00000184983.4 22 42526694 0 22 42420807 0 22 42486959 105887 39735 65681 65681 42345501 42687502 682 0.35044 NA 0.096148
rs36093924 rs133345 ENSG00000184983.4 ENSG00000184983.4 22 42538399 0 22 42420807 0 22 42486959 117592 51440 65681 65681 42345501 42687502 682 0.560117 NA 0.240073
rs2743461 rs133345 ENSG00000184983.4 ENSG00000184983.4 22 42540551 0 22 42420807 0 22 42486959 119744 53592 65681 65681 42345501 42687502 682 0.618768 NA 0.312386
rs2142694 rs133345 ENSG00000184983.4 ENSG00000184983.4 22 42542870 0 22 42420807 0 22 42486959 122063 55911 65681 65681 42345501 42687502 682 0.631965 NA 0.336668
rs760648 rs133345 ENSG00000184983.4 ENSG00000184983.4 22 42571028 0 22 42420807 0 22 42486959 150221 84069 65681 65681 42345501 42687502 682 0.470674 NA 0.202611
rs6002655 rs133345 ENSG00000184983.4 ENSG00000184983.4 22 42603814 0 22 42420807 0 22 42486959 183007 116855 65681 65681 42345501 42687502 682 0.304985 NA 0.120384
rs5758659 rs133345 ENSG00000184983.4 ENSG00000184983.4 22 42622003 0 22 42420807 0 22 42486959 201196 135044 65681 65681 42345501 42687502 682 0.472141 NA 0.22584
rs134871 rs133345 ENSG00000184983.4 ENSG00000184983.4 22 42652716 0 22 42420807 0 22 42486959 231909 165757 65681 65681 42345501 42687502 682 0.321114 NA 0.120557
rs134882 rs133345 ENSG00000184983.4 ENSG00000184983.4 22 42670965 0 22 42420807 0 22 42486959 250158 184006 65681 65681 42345501 42687502 682 0.460411 NA 0.222197
rs5751191 rs133339 ENSG00000198951.6 ENSG00000198951.6 22 42370991 0 22 42416987 0 22 42466846 45996 95855 65681 65681 42345501 42687502 682 0.958944 NA 0.739937
rs1062753 rs133339 ENSG00000198951.6 ENSG00000198951.6 22 42392811 0 22 42416987 0 22 42466846 24176 74035 65681 65681 42345501 42687502 682 0.753666 NA 0.415104
rs9607868 rs133339 ENSG00000198951.6 ENSG00000198951.6 22 42414181 0 22 42416987 0 22 42466846 2806 52665 65681 65681 42345501 42687502 682 0.747801 NA 0.419239
rs133383 rs133339 ENSG00000198951.6 ENSG00000198951.6 22 42473603 0 22 42416987 0 22 42466846 56616 6757 65681 65681 42345501 42687502 682 0.926686 NA 0.635873
rs1065852 rs133339 ENSG00000198951.6 ENSG00000198951.6 22 42526694 0 22 42416987 0 22 42466846 109707 59848 65681 65681 42345501 42687502 682 0.391496 NA 0.194585
rs36093924 rs133339 ENSG00000198951.6 ENSG00000198951.6 22 42538399 0 22 42416987 0 22 42466846 121412 71553 65681 65681 42345501 42687502 682 0.956012 NA 0.624874
rs2743461 rs133339 ENSG00000198951.6 ENSG00000198951.6 22 42540551 0 22 42416987 0 22 42466846 123564 73705 65681 65681 42345501 42687502 682 0.843109 NA 0.537633
rs2142694 rs133339 ENSG00000198951.6 ENSG00000198951.6 22 42542870 0 22 42416987 0 22 42466846 125883 76024 65681 65681 42345501 42687502 682 0.809384 NA 0.485229
rs760648 rs133339 ENSG00000198951.6 ENSG00000198951.6 22 42571028 0 22 42416987 0 22 42466846 154041 104182 65681 65681 42345501 42687502 682 0.872434 NA 0.603547
rs6002655 rs133339 ENSG00000198951.6 ENSG00000198951.6 22 42603814 0 22 42416987 0 22 42466846 186827 136968 65681 65681 42345501 42687502 682 0.72434 NA 0.387164
rs5758659 rs133339 ENSG00000198951.6 ENSG00000198951.6 22 42622003 0 22 42416987 0 22 42466846 205016 155157 65681 65681 42345501 42687502 682 0.866569 NA 0.490174
rs134871 rs133339 ENSG00000198951.6 ENSG00000198951.6 22 42652716 0 22 42416987 0 22 42466846 235729 185870 65681 65681 42345501 42687502 682 0.822581 NA 0.381331
rs134882 rs133339 ENSG00000198951.6 ENSG00000198951.6 22 42670965 0 22 42416987 0 22 42466846 253978 204119 65681 65681 42345501 42687502 682 0.86217 NA 0.48788
rs4822112 rs1016110 ENSG00000230107.1 ENSG00000230107.1 22 42731540 0 22 42836337 0 22 42834029 104797 102489 65683 65683 42692503 42868502 375 0.514667 NA 0.0488528
rs137115 rs137014 ENSG00000183569.12 ENSG00000183569.12 22 43011403 0 22 42901788 0 22 42949623 109615 61780 65685 65685 42875503 43021502 288 0.274306 NA 0.126039
rs137115 rs6002781 ENSG00000189306.6 ENSG00000189306.6 22 43011403 0 22 42917813 0 22 42915808 93590 95595 65685 65685 42875503 43021502 288 0.270833 NA 0.0182302
rs8139674 rs738528 ENSG00000128274.10 ENSG00000128274.10 22 43109839 0 22 43127431 0 22 43117304 17592 7465 65689 65689 43098503 43153502 207 0.724638 NA 0.335242
rs66781836 rs738528 ENSG00000128274.10 ENSG00000128274.10 22 43115519 0 22 43127431 0 22 43117304 11912 1785 65689 65689 43098503 43153502 207 0.729469 NA 0.272328
rs5758896 rs738528 ENSG00000128274.10 ENSG00000128274.10 22 43115576 0 22 43127431 0 22 43117304 11855 1728 65689 65689 43098503 43153502 207 0.898551 NA 0.51678
rs4822191 rs738528 ENSG00000128274.10 ENSG00000128274.10 22 43141020 0 22 43127431 0 22 43117304 13589 23716 65689 65689 43098503 43153502 207 0.719807 NA 0.28689
rs4820477 rs738528 ENSG00000128274.10 ENSG00000128274.10 22 43141093 0 22 43127431 0 22 43117304 13662 23789 65689 65689 43098503 43153502 207 0.695652 NA 0.273611
rs138177673 rs12019221 ENSG00000100290.2 ENSG00000100290.2 22 43549115 0 22 43512589 0 22 43506754 36526 42361 65703 65703 43504503 43570502 172 0.325581 NA 0.0220985
rs138918 rs12019221 ENSG00000100290.2 ENSG00000100290.2 22 43559451 0 22 43512589 0 22 43506754 46862 52697 65703 65703 43504503 43570502 172 0.215116 NA 0.0341587
rs138177673 rs377331273 ENSG00000100294.7 ENSG00000100294.7 22 43549115 0 22 43531515 0 22 43539400 17600 9715 65703 65703 43504503 43570502 172 0.546512 NA 0.0978997
rs138918 rs377331273 ENSG00000100294.7 ENSG00000100294.7 22 43559451 0 22 43531515 0 22 43539400 27936 20051 65703 65703 43504503 43570502 172 0.552326 NA 0.144506
rs138177673 rs47341 ENSG00000100300.12 ENSG00000100300.12 22 43549115 0 22 43560763 0 22 43547520 11648 1595 65703 65703 43504503 43570502 172 0.994186 NA 0.869626
rs138918 rs47341 ENSG00000100300.12 ENSG00000100300.12 22 43559451 0 22 43560763 0 22 43547520 1312 11931 65703 65703 43504503 43570502 172 0.988372 NA 0.849594
rs139014 rs9612021 ENSG00000100304.10 ENSG00000100304.10 22 43624765 0 22 43583598 0 22 43583139 41167 41626 65705 65705 43574503 43645502 175 0.211429 NA 0.00375784
rs4407350 rs376451273 ENSG00000188636.3 ENSG00000188636.3 22 44922275 0 22 44894312 0 22 44894178 27963 28097 65751 65751 44889464 44929463 139 0.280576 NA 0.484666
rs6007506 rs6006956 ENSG00000100364.13 ENSG00000100364.13 22 45622014 0 22 45642907 0 22 45636650 20893 14636 65791 65791 45619464 45655463 140 0.192857 NA 0.113868
rs1569414 rs2272804 ENSG00000077935.12 ENSG00000077935.12 22 45727565 0 22 45809624 0 22 45809500 82059 81935 65795 65795 45673464 45854463 425 0.350588 NA 0.311927
rs998706 rs2272804 ENSG00000077935.12 ENSG00000077935.12 22 45735606 0 22 45809624 0 22 45809500 74018 73894 65795 65795 45673464 45854463 425 0.743529 NA 0.673757
rs9614461 rs2272804 ENSG00000077935.12 ENSG00000077935.12 22 45746491 0 22 45809624 0 22 45809500 63133 63009 65795 65795 45673464 45854463 425 0.190588 NA 0.0364112
rs1569414 rs738177 ENSG00000100376.7 ENSG00000100376.7 22 45727565 0 22 45731539 0 22 45704849 3974 22716 65795 65795 45673464 45854463 425 0.698824 NA 0.0412788
rs998706 rs738177 ENSG00000100376.7 ENSG00000100376.7 22 45735606 0 22 45731539 0 22 45704849 4067 30757 65795 65795 45673464 45854463 425 0.658824 NA 0.0772731
rs9614461 rs738177 ENSG00000100376.7 ENSG00000100376.7 22 45746491 0 22 45731539 0 22 45704849 14952 41642 65795 65795 45673464 45854463 425 0.0635294 NA 0.00368443
rs1569414 rs2272804 ENSG00000128408.7 ENSG00000128408.7 22 45727565 0 22 45809624 0 22 45809572 82059 82007 65795 65795 45673464 45854463 425 0.362353 NA 0.311927
rs998706 rs2272804 ENSG00000128408.7 ENSG00000128408.7 22 45735606 0 22 45809624 0 22 45809572 74018 73966 65795 65795 45673464 45854463 425 0.675294 NA 0.673757
rs9614461 rs2272804 ENSG00000128408.7 ENSG00000128408.7 22 45746491 0 22 45809624 0 22 45809572 63133 63081 65795 65795 45673464 45854463 425 0.228235 NA 0.0364112
rs138857 rs113800028 ENSG00000184164.10 ENSG00000184164.10 22 50199589 0 22 50318506 0 22 50311815 118917 112226 65973 65973 50165140 50486543 571 0.709282 NA 0.566407
rs138880 rs113800028 ENSG00000184164.10 ENSG00000184164.10 22 50218611 0 22 50318506 0 22 50311815 99895 93204 65973 65973 50165140 50486543 571 0.712785 NA 0.633166
rs5769765 rs113800028 ENSG00000184164.10 ENSG00000184164.10 22 50271176 0 22 50318506 0 22 50311815 47330 40639 65973 65973 50165140 50486543 571 0.798599 NA 0.662807
rs5771069 rs113800028 ENSG00000184164.10 ENSG00000184164.10 22 50435480 0 22 50318506 0 22 50311815 116974 123665 65973 65973 50165140 50486543 571 0.322242 NA 0.0151342
rs137848 rs113800028 ENSG00000184164.10 ENSG00000184164.10 22 50440296 0 22 50318506 0 22 50311815 121790 128481 65973 65973 50165140 50486543 571 0.411559 NA 0.0327573
rs137864 rs113800028 ENSG00000184164.10 ENSG00000184164.10 22 50446988 0 22 50318506 0 22 50311815 128482 135173 65973 65973 50165140 50486543 571 0.117338 NA 0.00184022
rs137887 rs113800028 ENSG00000184164.10 ENSG00000184164.10 22 50464439 0 22 50318506 0 22 50311815 145933 152624 65973 65973 50165140 50486543 571 0.0122592 NA 0.00733106
rs138229 rs731857 ENSG00000100427.11 ENSG00000100427.11 22 50557407 0 22 50554264 0 22 50524331 3143 33076 65975 65975 50492544 50586543 351 0.282051 NA 0.0748874
rs138249 rs731857 ENSG00000100427.11 ENSG00000100427.11 22 50569790 0 22 50554264 0 22 50524331 15526 45459 65975 65975 50492544 50586543 351 0.42735 NA 0.401074
rs138263 rs731857 ENSG00000100427.11 ENSG00000100427.11 22 50583245 0 22 50554264 0 22 50524331 28981 58914 65975 65975 50492544 50586543 351 0.267806 NA 0.101395
rs75107793 rs5771095 ENSG00000073169.9 ENSG00000073169.9 22 50628937 0 22 50635627 0 22 50639408 6690 10471 65981 65981 50614544 50879856 658 0.775076 NA 0.0649243
rs5771225 rs5771095 ENSG00000073169.9 ENSG00000073169.9 22 50639473 0 22 50635627 0 22 50639408 3846 65 65981 65981 50614544 50879856 658 0.924012 NA 0.351279
rs5771242 rs5771095 ENSG00000073169.9 ENSG00000073169.9 22 50661869 0 22 50635627 0 22 50639408 26242 22461 65981 65981 50614544 50879856 658 0.831307 NA 0.125588
rs7511006 rs5771095 ENSG00000073169.9 ENSG00000073169.9 22 50676259 0 22 50635627 0 22 50639408 40632 36851 65981 65981 50614544 50879856 658 0.933131 NA 0.358265
rs5771109 rs5771095 ENSG00000073169.9 ENSG00000073169.9 22 50678571 0 22 50635627 0 22 50639408 42944 39163 65981 65981 50614544 50879856 658 0.949848 NA 0.503125
rs28573806 rs5771095 ENSG00000073169.9 ENSG00000073169.9 22 50727792 0 22 50635627 0 22 50639408 92165 88384 65981 65981 50614544 50879856 658 0.352584 NA 0.0124803
rs5770872 rs5771095 ENSG00000073169.9 ENSG00000073169.9 22 50874614 0 22 50635627 0 22 50639408 238987 235206 65981 65981 50614544 50879856 658 0.0714286 NA 7.11688e-05
rs75107793 rs5771215 ENSG00000170638.5 ENSG00000170638.5 22 50628937 0 22 50626791 0 22 50624344 2146 4593 65981 65981 50614544 50879856 658 0.864742 NA 0.0223986
rs5771225 rs5771215 ENSG00000170638.5 ENSG00000170638.5 22 50639473 0 22 50626791 0 22 50624344 12682 15129 65981 65981 50614544 50879856 658 0.74772 NA 0.0284765
rs5771242 rs5771215 ENSG00000170638.5 ENSG00000170638.5 22 50661869 0 22 50626791 0 22 50624344 35078 37525 65981 65981 50614544 50879856 658 0.858663 NA 0.105665
rs7511006 rs5771215 ENSG00000170638.5 ENSG00000170638.5 22 50676259 0 22 50626791 0 22 50624344 49468 51915 65981 65981 50614544 50879856 658 0.851064 NA 0.0733552
rs5771109 rs5771215 ENSG00000170638.5 ENSG00000170638.5 22 50678571 0 22 50626791 0 22 50624344 51780 54227 65981 65981 50614544 50879856 658 0.869301 NA 0.126664
rs28573806 rs5771215 ENSG00000170638.5 ENSG00000170638.5 22 50727792 0 22 50626791 0 22 50624344 101001 103448 65981 65981 50614544 50879856 658 0.81003 NA 0.0431163
rs5770872 rs5771215 ENSG00000170638.5 ENSG00000170638.5 22 50874614 0 22 50626791 0 22 50624344 247823 250270 65981 65981 50614544 50879856 658 0.323708 NA 7.08856e-06
rs75107793 rs3817818 ENSG00000188130.8 ENSG00000188130.8 22 50628937 0 22 50699331 0 22 50700254 70394 71317 65981 65981 50614544 50879856 658 0.12614 NA 0.000222051
rs5771225 rs3817818 ENSG00000188130.8 ENSG00000188130.8 22 50639473 0 22 50699331 0 22 50700254 59858 60781 65981 65981 50614544 50879856 658 0.101824 NA 0.00149035
rs5771242 rs3817818 ENSG00000188130.8 ENSG00000188130.8 22 50661869 0 22 50699331 0 22 50700254 37462 38385 65981 65981 50614544 50879856 658 0.0638298 NA 0.00544639
rs7511006 rs3817818 ENSG00000188130.8 ENSG00000188130.8 22 50676259 0 22 50699331 0 22 50700254 23072 23995 65981 65981 50614544 50879856 658 0.0471125 NA 0.0456298
rs5771109 rs3817818 ENSG00000188130.8 ENSG00000188130.8 22 50678571 0 22 50699331 0 22 50700254 20760 21683 65981 65981 50614544 50879856 658 0.0987842 NA 0.0862296
rs28573806 rs3817818 ENSG00000188130.8 ENSG00000188130.8 22 50727792 0 22 50699331 0 22 50700254 28461 27538 65981 65981 50614544 50879856 658 0.472644 NA 0.111048
rs5770872 rs3817818 ENSG00000188130.8 ENSG00000188130.8 22 50874614 0 22 50699331 0 22 50700254 175283 174360 65981 65981 50614544 50879856 658 0.636778 NA 0.0191332
rs75107793 rs73439311 ENSG00000205593.5 ENSG00000205593.5 22 50628937 0 22 50753334 0 22 50765489 124397 136552 65981 65981 50614544 50879856 658 0.109422 NA 0.000721586
rs5771225 rs73439311 ENSG00000205593.5 ENSG00000205593.5 22 50639473 0 22 50753334 0 22 50765489 113861 126016 65981 65981 50614544 50879856 658 0.361702 NA 0.0186771
rs5771242 rs73439311 ENSG00000205593.5 ENSG00000205593.5 22 50661869 0 22 50753334 0 22 50765489 91465 103620 65981 65981 50614544 50879856 658 0.425532 NA 0.0127337
rs7511006 rs73439311 ENSG00000205593.5 ENSG00000205593.5 22 50676259 0 22 50753334 0 22 50765489 77075 89230 65981 65981 50614544 50879856 658 0.0835866 NA 0.0181223
rs5771109 rs73439311 ENSG00000205593.5 ENSG00000205593.5 22 50678571 0 22 50753334 0 22 50765489 74763 86918 65981 65981 50614544 50879856 658 0.232523 NA 5.14338e-06
rs28573806 rs73439311 ENSG00000205593.5 ENSG00000205593.5 22 50727792 0 22 50753334 0 22 50765489 25542 37697 65981 65981 50614544 50879856 658 0.650456 NA 0.101268
rs5770872 rs73439311 ENSG00000205593.5 ENSG00000205593.5 22 50874614 0 22 50753334 0 22 50765489 121280 109125 65981 65981 50614544 50879856 658 0.717325 NA 0.131019
rs131821 rs8142033 ENSG00000100299.12 ENSG00000100299.12 22 50950076 0 22 51062832 0 22 51066607 112756 116531 65985 65985 50937857 51073856 341 0.187683 NA 0.00381739
rs131814 rs8142033 ENSG00000100299.12 ENSG00000100299.12 22 50960101 0 22 51062832 0 22 51066607 102731 106506 65985 65985 50937857 51073856 341 0.545455 NA 0.000537221
rs131805 rs8142033 ENSG00000100299.12 ENSG00000100299.12 22 50964153 0 22 51062832 0 22 51066607 98679 102454 65985 65985 50937857 51073856 341 0.164223 NA 0.00466027
rs131804 rs8142033 ENSG00000100299.12 ENSG00000100299.12 22 50964862 0 22 51062832 0 22 51066607 97970 101745 65985 65985 50937857 51073856 341 0.695015 NA 0.0255265
rs131801 rs8142033 ENSG00000100299.12 ENSG00000100299.12 22 50966634 0 22 51062832 0 22 51066607 96198 99973 65985 65985 50937857 51073856 341 0.59824 NA 0.026416
rs470119 rs8142033 ENSG00000100299.12 ENSG00000100299.12 22 50966914 0 22 51062832 0 22 51066607 95918 99693 65985 65985 50937857 51073856 341 0.636364 NA 0.0278211
rs140522 rs8142033 ENSG00000100299.12 ENSG00000100299.12 22 50971266 0 22 51062832 0 22 51066607 91566 95341 65985 65985 50937857 51073856 341 0.806452 NA 0.0224563
rs131794 rs8142033 ENSG00000100299.12 ENSG00000100299.12 22 50971752 0 22 51062832 0 22 51066607 91080 94855 65985 65985 50937857 51073856 341 0.410557 NA 0.000692381
rs131788 rs8142033 ENSG00000100299.12 ENSG00000100299.12 22 50976754 0 22 51062832 0 22 51066607 86078 89853 65985 65985 50937857 51073856 341 0.190616 NA 0.0269711
rs131780 rs8142033 ENSG00000100299.12 ENSG00000100299.12 22 50982539 0 22 51062832 0 22 51066607 80293 84068 65985 65985 50937857 51073856 341 0.753666 NA 0.00775026
rs131777 rs8142033 ENSG00000100299.12 ENSG00000100299.12 22 50991033 0 22 51062832 0 22 51066607 71799 75574 65985 65985 50937857 51073856 341 0.692082 NA 0.00538573
rs131821 rs131779 ENSG00000130487.4 ENSG00000130487.4 22 50950076 0 22 50988193 0 22 50986462 38117 36386 65985 65985 50937857 51073856 341 0.832845 NA 0.0940099
rs131814 rs131779 ENSG00000130487.4 ENSG00000130487.4 22 50960101 0 22 50988193 0 22 50986462 28092 26361 65985 65985 50937857 51073856 341 0.739003 NA 0.168119
rs131805 rs131779 ENSG00000130487.4 ENSG00000130487.4 22 50964153 0 22 50988193 0 22 50986462 24040 22309 65985 65985 50937857 51073856 341 0.668622 NA 0.176509
rs131804 rs131779 ENSG00000130487.4 ENSG00000130487.4 22 50964862 0 22 50988193 0 22 50986462 23331 21600 65985 65985 50937857 51073856 341 0.568915 NA 0.190708
rs131801 rs131779 ENSG00000130487.4 ENSG00000130487.4 22 50966634 0 22 50988193 0 22 50986462 21559 19828 65985 65985 50937857 51073856 341 0.457478 NA 0.16078
rs470119 rs131779 ENSG00000130487.4 ENSG00000130487.4 22 50966914 0 22 50988193 0 22 50986462 21279 19548 65985 65985 50937857 51073856 341 0.463343 NA 0.16128
rs140522 rs131779 ENSG00000130487.4 ENSG00000130487.4 22 50971266 0 22 50988193 0 22 50986462 16927 15196 65985 65985 50937857 51073856 341 0.844575 NA 0.242966
rs131794 rs131779 ENSG00000130487.4 ENSG00000130487.4 22 50971752 0 22 50988193 0 22 50986462 16441 14710 65985 65985 50937857 51073856 341 0.683284 NA 0.178129
rs131788 rs131779 ENSG00000130487.4 ENSG00000130487.4 22 50976754 0 22 50988193 0 22 50986462 11439 9708 65985 65985 50937857 51073856 341 0.826979 NA 0.203322
rs131780 rs131779 ENSG00000130487.4 ENSG00000130487.4 22 50982539 0 22 50988193 0 22 50986462 5654 3923 65985 65985 50937857 51073856 341 0.360704 NA 0.0105133
rs131777 rs131779 ENSG00000130487.4 ENSG00000130487.4 22 50991033 0 22 50988193 0 22 50986462 2840 4571 65985 65985 50937857 51073856 341 0.964809 NA 0.43984
rs131821 rs7288373 ENSG00000217442.3 ENSG00000217442.3 22 50950076 0 22 50984599 0 22 51001334 34523 51258 65985 65985 50937857 51073856 341 0.296188 NA 0.0445863
rs131814 rs7288373 ENSG00000217442.3 ENSG00000217442.3 22 50960101 0 22 50984599 0 22 51001334 24498 41233 65985 65985 50937857 51073856 341 0.231672 NA 0.00380563
rs131805 rs7288373 ENSG00000217442.3 ENSG00000217442.3 22 50964153 0 22 50984599 0 22 51001334 20446 37181 65985 65985 50937857 51073856 341 0.316716 NA 0.0363857
rs131804 rs7288373 ENSG00000217442.3 ENSG00000217442.3 22 50964862 0 22 50984599 0 22 51001334 19737 36472 65985 65985 50937857 51073856 341 0.31085 NA 0.00744519
rs131801 rs7288373 ENSG00000217442.3 ENSG00000217442.3 22 50966634 0 22 50984599 0 22 51001334 17965 34700 65985 65985 50937857 51073856 341 0.346041 NA 0.0110469
rs470119 rs7288373 ENSG00000217442.3 ENSG00000217442.3 22 50966914 0 22 50984599 0 22 51001334 17685 34420 65985 65985 50937857 51073856 341 0.357771 NA 0.0110529
rs140522 rs7288373 ENSG00000217442.3 ENSG00000217442.3 22 50971266 0 22 50984599 0 22 51001334 13333 30068 65985 65985 50937857 51073856 341 0.337243 NA 0.00921436
rs131794 rs7288373 ENSG00000217442.3 ENSG00000217442.3 22 50971752 0 22 50984599 0 22 51001334 12847 29582 65985 65985 50937857 51073856 341 0.219941 NA 0.00225503
rs131788 rs7288373 ENSG00000217442.3 ENSG00000217442.3 22 50976754 0 22 50984599 0 22 51001334 7845 24580 65985 65985 50937857 51073856 341 0.557185 NA 0.0576423
rs131780 rs7288373 ENSG00000217442.3 ENSG00000217442.3 22 50982539 0 22 50984599 0 22 51001334 2060 18795 65985 65985 50937857 51073856 341 0.580645 NA 0.0483604
rs131777 rs7288373 ENSG00000217442.3 ENSG00000217442.3 22 50991033 0 22 50984599 0 22 51001334 6434 10301 65985 65985 50937857 51073856 341 0.824047 NA 0.0314711
